01	Alabama	PARAQUAT	1992	kg	1133.5	1832.2		2039.5	9942.2		2621.8	64.6	2166.7	8425
01	Alabama	PARAQUAT	1993	kg	5881.2	10149.2		4891.6	8314.2		6833.9	117.6	588.6	9807.4
01	Alabama	PARAQUAT	1994	kg	3925.8	5376.8		14520.4	3189.3		5277.9	60.3	758.2	8720
01	Alabama	PARAQUAT	1995	kg	1570.9	12098.9	2307.3	16246	6366.3		3015.5	62.8	1869.5	8407.4
01	Alabama	PARAQUAT	1996	kg	11830.3	5360.7	409.3	6358.2	7790.8		2957.8	26.2	3042.7	8545.9
01	Alabama	PARAQUAT	1997	kg	37026.1	18758.1	247.5	4173.1	1840.9		5033.3	117	391.5	4524.6
01	Alabama	PARAQUAT	1998	kg	12006.5	4814.3	250.7	10625.3	442.4		3324.2	19.4	375.8	6463.7
01	Alabama	PARAQUAT	1999	kg	7288.1	2942	505.1	21840.2	531.3		4271.2	95.6	24404.1	8399.2
01	Alabama	PARAQUAT	2000	kg	7688.6	2259.2	553	10281.6	1407		2614.1	62.4		3122.1
01	Alabama	PARAQUAT	2001	kg	2979.7	1951.5		8973.7	619.1		5611.7	37.3	1.3	6314.4
01	Alabama	PARAQUAT	2002	kg	10187.3	5324.7		6021.2	598.2		2766	83.4	7291.1	3684.6
01	Alabama	PARAQUAT	2003	kg	7222.9	8954.4	2028.2	31484.8	1077.9		4042.9			2014.6
01	Alabama	PARAQUAT	2004	kg	8824.2	1150.7	3512.7	19888.3	324		1379.1	330.2	2716.9	5711.4
01	Alabama	PARAQUAT	2005	kg	11887.1	7633.7	1788.7	11466.8	504.5		3421.4			1520.6
01	Alabama	PARAQUAT	2006	kg	5813.9	3664.9	102.7	21658.5	312.3		4416.4			2864.6
01	Alabama	PARAQUAT	2007	kg	19535.9	3429.7	2015.9	4788.9	376.4		2086.2	77.8	5873.9	2508.4
01	Alabama	PARAQUAT	2008	kg	20151.7	2352.5	22185.2	321.2	310.6		3136.4			2149.4
01	Alabama	PARAQUAT	2009	kg	7558	48474.3	672.5	12864.9	447.3		2040.9			1604.9
01	Alabama	PARAQUAT	2010	kg	4500	2655.8	1745.5	11217.1	88.1		4230.4			9035
01	Alabama	PARAQUAT	2011	kg	3870.8	1838.5	11773.8	28160	178.6		2617		16643.3	1169.5
01	Alabama	PARAQUAT	2012	kg	23595.5	10850	6880.6	18788	206.7		2699.9		624.4	1746.9
01	Alabama	PARAQUAT	2013	kg	13079.1	3771.3	5766.7	17004.7	158.2		2587.5			6101
01	Alabama	PARAQUAT	2014	kg	7906.8	5558.1	4723.9	18297.4	163.2		3340.3		5496.5	4951.9
01	Alabama	PARAQUAT	2015	kg	14596.4	22467.5	1561.5	13870.2	302.8		1763.8			3148.9
01	Alabama	PARAQUAT	2016	kg	14928.6	6710.6	5386.5	16987.2	288.8		2000.8	28.4	1537.6	4488.3
01	Alabama	PARAQUAT	2017	kg	11934.6	25289.9	3301.2	45461	236.5		2639.3			7478.9
04	Arizona	PARAQUAT	1992	kg					474.9		1289.8	628.5	950.3	
04	Arizona	PARAQUAT	1993	kg	3222.2			12473.4	270.6		3294	3146.9	192.9	
04	Arizona	PARAQUAT	1994	kg					1257.8		3010.2	499	5075.7	
04	Arizona	PARAQUAT	1995	kg				331.3	81.9		1160.1	17328.7	38363.9	27.9
04	Arizona	PARAQUAT	1996	kg	13.4			286	110.2		356.3	852.7	331.8	257.4
04	Arizona	PARAQUAT	1997	kg				910.4	545.8		1696	4255.1	291.6	
04	Arizona	PARAQUAT	1998	kg			793.3	3400.5	593.2		2500.5	466		
04	Arizona	PARAQUAT	1999	kg				174.8	400.1		2658.2	7155.2		
04	Arizona	PARAQUAT	2000	kg				5746.9	146.1		6719	14109.4		
04	Arizona	PARAQUAT	2001	kg				1016.3	742.3		2940.1	7245.9		
04	Arizona	PARAQUAT	2002	kg				866.7	30.9		1555	4579.9		
04	Arizona	PARAQUAT	2003	kg				973.9	1341		9228.5	7656.7		
04	Arizona	PARAQUAT	2004	kg				453.4	0.1		3667.1	2447.4		
04	Arizona	PARAQUAT	2005	kg				1587.3	1909.9		2468.3	14109.2		
04	Arizona	PARAQUAT	2006	kg					3593.3		1752.1	5541		
04	Arizona	PARAQUAT	2007	kg				6154.3	272.8		3110.5	2274.1		
04	Arizona	PARAQUAT	2008	kg				7857.3	317.2		2095.8	19673.9		
04	Arizona	PARAQUAT	2009	kg				4928.9	386.6		425.8	3928.1		
04	Arizona	PARAQUAT	2010	kg				8457.8	655.1		1114.1	33626.9		
04	Arizona	PARAQUAT	2011	kg				10565.4	144.5		776	11087.1		
04	Arizona	PARAQUAT	2012	kg				11501.3	487.8		450.5	4634		
04	Arizona	PARAQUAT	2013	kg				7533.2	796.9		486.9	11543.2	2541.5	2644.3
04	Arizona	PARAQUAT	2014	kg				7587.5	799.1		1057.5	858.5		
04	Arizona	PARAQUAT	2015	kg				3783.6	35.3		1713.7	9893		
04	Arizona	PARAQUAT	2016	kg				11175.6	77.8		1000.7	1389.7		
04	Arizona	PARAQUAT	2017	kg				5904.8	0		1747.8	21784.5		
05	Arkansas	PARAQUAT	1992	kg	3746.9	12706.3		4982.2			3873.3	476.9	44072.1	3500.4
05	Arkansas	PARAQUAT	1993	kg	814.2	12024.8	1914.6	4162.2	0.2		3748.3		1388.5	989.1
05	Arkansas	PARAQUAT	1994	kg	777.6	10548.5	3718.5	2198.9		504.5	6618.1	78.7	129.9	1535.5
05	Arkansas	PARAQUAT	1995	kg	1006.1	35653.3		6920.7	915.4	2421.9	3680.3	27.1	4202.6	2773.8
05	Arkansas	PARAQUAT	1996	kg	5646.4	6705.3		14604.5	1234.8		1366	219.2	874.3	15351.6
05	Arkansas	PARAQUAT	1997	kg	2596.8	4135.8		1217	349.2	901	11185.9		1291.9	145.9
05	Arkansas	PARAQUAT	1998	kg	1829.6	7695.3	17.1	12062.8	199	1405.3	1316.5		4525.2	2719.7
05	Arkansas	PARAQUAT	1999	kg	8479.5	4543.6	6715.5	16411.4	40.3	2274.8	848.9	56.8	4381.2	
05	Arkansas	PARAQUAT	2000	kg	5167.2	14905.5	20.3	9497	0.6	5575.7	1293.8	70.4	60	2239.9
05	Arkansas	PARAQUAT	2001	kg	4323.4	3350.7		23605.3		26	7522.5			
05	Arkansas	PARAQUAT	2002	kg	11368.5	15733.2		10523.3		5694.1	977.7		42983.1	1187.2
05	Arkansas	PARAQUAT	2003	kg	1142.6	10998.2	2789.1	10373.3	26.2		2292.6		129.7	5462.3
05	Arkansas	PARAQUAT	2004	kg	8708.3	14684.5		14198	15.1	18015.4	2518.4	20.3	305	
05	Arkansas	PARAQUAT	2005	kg	8997.2	414502.6		11075		1300	133.5	27.5	5303.6	
05	Arkansas	PARAQUAT	2006	kg	9880.1	43586.6		7990.8	2.9	8003.6	104.5		76746.9	
05	Arkansas	PARAQUAT	2007	kg	89320.6	30518.5		6451.6	4.3	769.6	34.4		11237.2	
05	Arkansas	PARAQUAT	2008	kg	6141.1	39983		2471.3	87.5	5507	1.1		526	
05	Arkansas	PARAQUAT	2009	kg	16881.3	39935.1		7592.5	0.4	4408.3				
05	Arkansas	PARAQUAT	2010	kg	16415.7	111558.1	4.3	16565.4	21.9	388.3	16.6	116.8	1450.9	
05	Arkansas	PARAQUAT	2011	kg	8201.5	122622.8		56443.2	17.4	1152	6.2		6767.4	1632
05	Arkansas	PARAQUAT	2012	kg	18100.7	16488.9	3237.1	97395.7		2355.7				197.5
05	Arkansas	PARAQUAT	2013	kg	13379	131647.4	15039.4	29015.9	7.1			15.1	1576.8	1615.8
05	Arkansas	PARAQUAT	2014	kg	53020.4	159039.7	13107	65401.1		1105.1	5.2		7056.9	7177.4
05	Arkansas	PARAQUAT	2015	kg	30685.5	106328.9	13031.7	7656.8		20047.8				13024.7
05	Arkansas	PARAQUAT	2016	kg	24831	235604.4	2076.8	59634.8		4931.3			1598.5	2016.1
05	Arkansas	PARAQUAT	2017	kg	23531.4	292011.5	11701.6	47937.6		43000.8			2128.5	
06	California	PARAQUAT	1992	kg	1193.3		373.8	114159.3	16647.6		113310.9	29981	582	18877.2
06	California	PARAQUAT	1993	kg	2038		359.7	141508.5	16308.8	1.8	112390.3	28075	2894.4	16586.4
06	California	PARAQUAT	1994	kg	1081.6		75.2	152864.1	13574.3		113845.5	31710.9	602.6	16258
06	California	PARAQUAT	1995	kg	2927.6		181.3	171212	23610.1	16.5	147909.6	25519.4	1140.9	15043.3
06	California	PARAQUAT	1996	kg	2138.4		2264.4	165573	26872.4	451.3	165544.8	35500.5	338	12147.3
06	California	PARAQUAT	1997	kg	3531.3		1658.8	135159.5	19852.7	34.2	215019.3	49763.5	30.4	6489.1
06	California	PARAQUAT	1998	kg	12725.6		1331.5	191297.1	22004.7	608.3	249526.9	48545.5	526.6	13876.8
06	California	PARAQUAT	1999	kg	2616.9		264.3	106737.8	16032.4	175.7	242308.1	50912.6	1991.6	5076.2
06	California	PARAQUAT	2000	kg	5838.2		338.7	125591.9	20664	159.7	244191.9	48527.4	1250.2	7239.2
06	California	PARAQUAT	2001	kg	3763.3		456.8	91534.1	13898.8	119.3	192073.5	37538	203.1	4929.9
06	California	PARAQUAT	2002	kg	5239.8	58.4	165.2	97057.4	13160.4	101.1	226318.6	58513.6	225.6	6111.8
06	California	PARAQUAT	2003	kg	5040.4		937	110178.4	16452.4	1489.3	214452.9	63248.6	373.3	5717.8
06	California	PARAQUAT	2004	kg	4488	9.8	418.8	105201.4	14032.1	58	233044.5	73096.8	64.7	7742.8
06	California	PARAQUAT	2005	kg	4493.9		425.1	106650.8	15025.2	160.1	256656	67140.5	1635.3	9466.1
06	California	PARAQUAT	2006	kg	10040.2		281.9	121505.1	19747.3	287.7	274255.9	76282.7	178.3	19695.3
06	California	PARAQUAT	2007	kg	3224.6		456.8	73372	15048.2	37.7	282507.9	60317.5	44.3	14888.7
06	California	PARAQUAT	2008	kg	2733.9		1583.4	53546.8	10277.3	3.1	215829.8	73410.3	18.1	2642.9
06	California	PARAQUAT	2009	kg	2310.5		949.8	38722.3	12705.1	28.3	232777.2	87665	345.1	4039.2
06	California	PARAQUAT	2010	kg	2654.1		1809.5	64285.9	16331.5	333.3	189348.4	70708.9	343	3791.8
06	California	PARAQUAT	2011	kg	1961.4		2069.2	95432	14235.7	45.9	195148.1	82010.6	590.4	5247.7
06	California	PARAQUAT	2012	kg	2223.9		1219.6	76143.3	11103.4	62.8	261816.7	55111.7	178.6	4401.3
06	California	PARAQUAT	2013	kg	829.8		203.5	28764.2	6373.3		228618.6	39466.5	46	4307.3
06	California	PARAQUAT	2014	kg	862.1		491.4	20515.4	5068.1	80.6	283324	24251.2	67.9	3998.6
06	California	PARAQUAT	2015	kg	2787.8		895.9	36658.6	14299	145.8	396130.2	57010.3	385	3584.9
06	California	PARAQUAT	2016	kg	2482.3		682	55430.4	17236.5	171.4	435871.4	45960.3	142.1	10482.2
06	California	PARAQUAT	2017	kg	1458.9		453.1	76887.5	20235.5	15.9	463814.3	32364.6	141.7	15289.2
08	Colorado	PARAQUAT	1992	kg	6315.6	44.3	497.3		11998.9		251.9	2833.8	2667.5	2907.9
08	Colorado	PARAQUAT	1993	kg	7635.6	22.6	10087.6		7812.7		488.2	3378.1	6584.5	256.5
08	Colorado	PARAQUAT	1994	kg	2484.8	7.7	19909.2		7181.4		201.5	5697.7	1921.9	14589.9
08	Colorado	PARAQUAT	1995	kg	12584.9	15.9	17821		2078.7		216.6	2834.6	40187.4	8825
08	Colorado	PARAQUAT	1996	kg	4366.2	23.1	6276.9		16134.1		859.2	4569	1716.3	8643.5
08	Colorado	PARAQUAT	1997	kg	460.7	189.2	3046.9		15814		274.9	1431.4	6968.4	17704.1
08	Colorado	PARAQUAT	1998	kg	3097.8	31.7	1358.8		685.9		1138.2	5175.4	5115.7	312.1
08	Colorado	PARAQUAT	1999	kg	3315.7	15.2					1469.3	17115.2	3550.3	4517
08	Colorado	PARAQUAT	2000	kg	2819.8				1498.5		829.8	11510.5	7741	3836
08	Colorado	PARAQUAT	2001	kg	2898.1	8.7			3526.2		1109.6	6901.6	7897.8	3666.2
08	Colorado	PARAQUAT	2002	kg	3857.1				6373.3		223.9	6579.1	22363.1	2648.9
08	Colorado	PARAQUAT	2003	kg	2809.5				4642.5		538.1	6525.3	5742.9	1007.6
08	Colorado	PARAQUAT	2004	kg					136.6		716.4	1450.5	13770.5	119.5
08	Colorado	PARAQUAT	2005	kg	1156.6				293.7		323.5	4369.6		430.1
08	Colorado	PARAQUAT	2006	kg	610.1				39.1			5794.6	19255.8	159.2
08	Colorado	PARAQUAT	2007	kg	2690.6				55.2		49.1	4765.4		1091.2
08	Colorado	PARAQUAT	2008	kg	30357.8				55.1		18.1	11808.1	3809.6	1988.7
08	Colorado	PARAQUAT	2009	kg			3861.5		1869.4		30.3	4429.8	17492.5	1752.9
08	Colorado	PARAQUAT	2010	kg	686.1				2565.3		84.2	14278.7	1317.4	
08	Colorado	PARAQUAT	2011	kg					5321.4		69.4	1969	20984.4	877.8
08	Colorado	PARAQUAT	2012	kg	7363.1				560.7		21.2		15058.7	2036.9
08	Colorado	PARAQUAT	2013	kg	4964.5	33.5	3644.6		1801.3		30	3684.9	1524.3	819.8
08	Colorado	PARAQUAT	2014	kg	15660.8	250.8	14459.4		112.9		183	3184.4	7795.9	4496.3
08	Colorado	PARAQUAT	2015	kg	5846.1	222.5	11673.1		789.2		61.6	8110.4	28556.3	11281.4
08	Colorado	PARAQUAT	2016	kg	36929.3	290.4	8659.2		22.4			4432.2	57148.4	32224.4
08	Colorado	PARAQUAT	2017	kg	69089.4	1302.6	45184.8		548.2		402.9	8205.6	116624.2	26621.7
09	Connecticut	PARAQUAT	1992	kg	508				875.6		495			
09	Connecticut	PARAQUAT	1993	kg	246.6				1.9		557		199.2	
09	Connecticut	PARAQUAT	1994	kg	176				71.1		1427.5			
09	Connecticut	PARAQUAT	1995	kg	134.4				42.9		1555.3			
09	Connecticut	PARAQUAT	1996	kg	653.3				125		296.6			29.3
09	Connecticut	PARAQUAT	1997	kg	96.3				489.9		1813.4			
09	Connecticut	PARAQUAT	1998	kg	207.3				388.3		446			
09	Connecticut	PARAQUAT	1999	kg	561.3				824.2		241			
09	Connecticut	PARAQUAT	2000	kg	383.5				97.3		334.4			
09	Connecticut	PARAQUAT	2001	kg	709.9				382		270.7			
09	Connecticut	PARAQUAT	2002	kg	502.2				498.8		315.2			
09	Connecticut	PARAQUAT	2003	kg	3381.7				503.7		261.1			
09	Connecticut	PARAQUAT	2004	kg	422.4				52.9		799.4			
09	Connecticut	PARAQUAT	2005	kg	506.5				204.9		401.3			
09	Connecticut	PARAQUAT	2006	kg	1465.8				256.5		677.6			
09	Connecticut	PARAQUAT	2007	kg	2170.4				66		218.7			
09	Connecticut	PARAQUAT	2008	kg	327.7				56.6		421.6			
09	Connecticut	PARAQUAT	2009	kg	1389.1				414.4		364.4			
09	Connecticut	PARAQUAT	2010	kg	8640.9				399.8		1050.6			
09	Connecticut	PARAQUAT	2011	kg	626				19.2		336.8			
09	Connecticut	PARAQUAT	2012	kg	1150.8				14.6		241.1			
09	Connecticut	PARAQUAT	2013	kg	779.4				335.3		587.4			
09	Connecticut	PARAQUAT	2014	kg	1100.7				34.9		427.3			
09	Connecticut	PARAQUAT	2015	kg	849.8				278.8		395.5			
09	Connecticut	PARAQUAT	2016	kg	1349.9				116.7		245.2			
09	Connecticut	PARAQUAT	2017	kg	559.1				76.4		96.7			
10	Delaware	PARAQUAT	1992	kg	6204.8	12598	5361.8		453.9		16.2	90.1	328.8	
10	Delaware	PARAQUAT	1993	kg	3680.1	5433.2	2038.1		790.2		29.2	605.1	7.3	12
10	Delaware	PARAQUAT	1994	kg	1659	6677.4	193.3		1017.1		15.5	49.8	12.3	4.7
10	Delaware	PARAQUAT	1995	kg	7306.1	4679.7	1090		2255.7		20.4	52.4	1.1	
10	Delaware	PARAQUAT	1996	kg	8326.7	10189.1	710.9		591.8		55.4	22.6	0.8	
10	Delaware	PARAQUAT	1997	kg	8842.4	3832.8	455.2		2276.7		17.5	335.5	2.2	
10	Delaware	PARAQUAT	1998	kg	1369.7	5513.1	841.6		5350.9		30	14.6		
10	Delaware	PARAQUAT	1999	kg	2012.9	4153.2	799		1043.2		22.2	598.4		
10	Delaware	PARAQUAT	2000	kg	4885.4	1986.3	350.8		1872		27.4	98.9		
10	Delaware	PARAQUAT	2001	kg	4579.7	4163.5			889.6		20.5	1.5		24.5
10	Delaware	PARAQUAT	2002	kg	15191.8	17617.9			843.1		36.7			
10	Delaware	PARAQUAT	2003	kg	3351.9	4640.5	386.9		918.1		29.9			0.7
10	Delaware	PARAQUAT	2004	kg	33666.3	3803.3	84.5		1446.5		36.4	258.6		
10	Delaware	PARAQUAT	2005	kg	3313.4	751.2	816.2		573.4		21.3	1.8		
10	Delaware	PARAQUAT	2006	kg	1663.5	2384	157.6		276.6		39.1	10.3		
10	Delaware	PARAQUAT	2007	kg	916.9	1677.6	729		439.1		25.9	112.4		
10	Delaware	PARAQUAT	2008	kg	9316.1	1943.1	7815.3				26			
10	Delaware	PARAQUAT	2009	kg	852.8	12279.1	827.7		324.7		47.6			6.9
10	Delaware	PARAQUAT	2010	kg	13122.2	15258.7	527.5		8.3		40.3	1		
10	Delaware	PARAQUAT	2011	kg	8932	4441.6	8012.1		275.6		16.2	3.1	147	329.9
10	Delaware	PARAQUAT	2012	kg	4067.1	423.3	4739.2		434		38.4	9.6		1012.2
10	Delaware	PARAQUAT	2013	kg	2405.4	297	2274.8		213.7		46.6			
10	Delaware	PARAQUAT	2014	kg	986.9	8800.9	2112.7		425.3		29.3			1794.1
10	Delaware	PARAQUAT	2015	kg	9180.9	46518.7	7624.1		0.6		45			
10	Delaware	PARAQUAT	2016	kg	2438.3	20862.9	1188.9		88.5		42.9	124.8		
10	Delaware	PARAQUAT	2017	kg	28025.7	17081.7	2761.4		2		69	1.1		
12	Florida	PARAQUAT	1992	kg	70.1			30.7	43616.3		52503		1665.4	4615.7
12	Florida	PARAQUAT	1993	kg	692.2	1034		13.3	17016.8		50617.1		391.6	4971.2
12	Florida	PARAQUAT	1994	kg		39.9		4639.9	66687.1		29520.7		2869.3	2522
12	Florida	PARAQUAT	1995	kg	1130			799.5	28871.3		44803.4		233	3930.1
12	Florida	PARAQUAT	1996	kg	949			7874.2	54416.7		15227.2		4557.5	2093.4
12	Florida	PARAQUAT	1997	kg	1937	131.8		726.8	69383.9		26329.2		8.2	594.3
12	Florida	PARAQUAT	1998	kg	636.2	416.1	132.6	3518	25978.6		71971.6		39.9	1189.8
12	Florida	PARAQUAT	1999	kg	267.2	79		361.8	37235.5		29828.5			3069.5
12	Florida	PARAQUAT	2000	kg		68.2		2083.7	20157.5		15144.7			959.8
12	Florida	PARAQUAT	2001	kg	1641.3	51.2		2627.2	16201.7		24218.9			1435.8
12	Florida	PARAQUAT	2002	kg	5951.2			670.4	17538.4		27360.9			1531.8
12	Florida	PARAQUAT	2003	kg		87.3		364.8	7934.1		26257.5			450.2
12	Florida	PARAQUAT	2004	kg	17.5	420.7		262.1	14817		23302.2			2190
12	Florida	PARAQUAT	2005	kg				435.7	13559.1		29693.8			4686.2
12	Florida	PARAQUAT	2006	kg				369.4	8712.7		21111.4			5277.5
12	Florida	PARAQUAT	2007	kg				102.8	3293		25253.6		1426.6	2241.9
12	Florida	PARAQUAT	2008	kg				470.9	8258.6		27618.3		32379	2748.8
12	Florida	PARAQUAT	2009	kg	359.9			4041.3	7330.4		15902.6			4144.8
12	Florida	PARAQUAT	2010	kg	349.3	1066.6		513	9002.8		10865.7		1698.8	8510.5
12	Florida	PARAQUAT	2011	kg		81.9		4405.6	8800.3		34294.7			6221.4
12	Florida	PARAQUAT	2012	kg		343		3863.6	7370		26102			3107.6
12	Florida	PARAQUAT	2013	kg	683.2	753.2		9540.1	10841		39615			2433.9
12	Florida	PARAQUAT	2014	kg	3196.5	1283.7		3405.1	16497		55267.7			7844.6
12	Florida	PARAQUAT	2015	kg	2633.5	1738.8		1603.4	11764.7		55258.2			5836.2
12	Florida	PARAQUAT	2016	kg	8505.6	713.5		1803.1	6393.8		64109.3			2166.4
12	Florida	PARAQUAT	2017	kg	254.2	612.5		5129	12341.5		35684.2			5269.7
13	Georgia	PARAQUAT	1992	kg	2557.1	10056.2		2119.1	2278.6		33915.7	20.2	1262.7	23112.5
13	Georgia	PARAQUAT	1993	kg	12290.1	8827.9		355.2	2506.1		35923.3	63	1464.2	24889.8
13	Georgia	PARAQUAT	1994	kg	14396.1	4180.8		35298.1	6784.3		31174.8	68.2	1282.7	31727.8
13	Georgia	PARAQUAT	1995	kg	4538.3	13516	15412.8	11384.6	14123		28602.7	20.8	519.3	26952
13	Georgia	PARAQUAT	1996	kg	14674.3	11616.5	2347	40353.3	7708.5		30694	5.7	271.2	16597.3
13	Georgia	PARAQUAT	1997	kg	10757.8	10355.3	1628.6	15478.6	14100.7		32844.4	43.8	406.5	11902.7
13	Georgia	PARAQUAT	1998	kg	3388.9	6777.6	4556.7	39923.7	2660.7		24190.7	45.1		16416.4
13	Georgia	PARAQUAT	1999	kg	3002.3	2081.6	2419.8	23393.7	4213.1		28499.5	74.6	5759.2	22856.5
13	Georgia	PARAQUAT	2000	kg	2584.3	1602.8	2348.4	17023.8	6372		35231.7	44.6	204.2	13823.6
13	Georgia	PARAQUAT	2001	kg	11389.9	1553.5		24055.4	2008.6		41398.5	8		20879.9
13	Georgia	PARAQUAT	2002	kg	16374.8	6771.9		11969.8	688.4		25055.5	15.2		20840.8
13	Georgia	PARAQUAT	2003	kg	10642.8	7338.8	6778.7	10185.7	1192.6		28854.9			4974.8
13	Georgia	PARAQUAT	2004	kg	10278.6	4434.4	18920.9	13340.9	826.8		17990.1	142.3		21714.9
13	Georgia	PARAQUAT	2005	kg	15194	18898.1	74711.9	1665.1	3668.5		24743.5		811.1	15826.8
13	Georgia	PARAQUAT	2006	kg	9759.7	2367.3	531.2	6950.9	4971.1		14594		214.3	7876.6
13	Georgia	PARAQUAT	2007	kg	19880.9	6165.1	2947.2	8469.9	2856.8		14517.7	67.9		14401.1
13	Georgia	PARAQUAT	2008	kg	16573.5	2755.4	29553.5	12186	130.8		16270.8		92790.6	13192.9
13	Georgia	PARAQUAT	2009	kg	4461.3	16300.2	2831.4	52961.2	9147.9		16268			20295.9
13	Georgia	PARAQUAT	2010	kg	6015.5	10134.7	1174.2	84846	2774.4		27797.8			54140.3
13	Georgia	PARAQUAT	2011	kg	7725.9	2564.7	19974.2	72864.2	5994.4		22023.2		17996.4	31426.6
13	Georgia	PARAQUAT	2012	kg	7904	4932.6	13620.3	72872.3	2777.5		20006.5			41086.4
13	Georgia	PARAQUAT	2013	kg	15334.1	12070.7	9075.4	130684	4435.6		26365.9			25440.1
13	Georgia	PARAQUAT	2014	kg	18580.3	9573.2	7099.5	99324	11.7		34169.8		639.4	35372.8
13	Georgia	PARAQUAT	2015	kg	16713.8	50954.2	18906.3	59013.6	9286.9		31774.3			45290.2
13	Georgia	PARAQUAT	2016	kg	32387.2	19076.3	2551.6	102080.4	2602.2		18776.6	72.3	80.4	43409.2
13	Georgia	PARAQUAT	2017	kg	12476	15089.8	5749	107004.8	971		26971		10337.3	51817.4
16	Idaho	PARAQUAT	1992	kg					16840.7		2789.2	179.5	644.8	857.8
16	Idaho	PARAQUAT	1993	kg					16.5		3079.8	49.3	352.2	
16	Idaho	PARAQUAT	1994	kg			2340.3		230.8		701.5	25478.5	454.5	6482.2
16	Idaho	PARAQUAT	1995	kg	1004.4		3539.5		1878.7		1827.2	2460	190.3	840.3
16	Idaho	PARAQUAT	1996	kg			1911.9		42.8		2848.4	22976.2	425.9	
16	Idaho	PARAQUAT	1997	kg					22005.7		6315.4	2066.3	183.4	
16	Idaho	PARAQUAT	1998	kg			1935.6		1365.9		2286.2	4422		670.9
16	Idaho	PARAQUAT	1999	kg			30038.4		625.9		2287	8431.4		660.3
16	Idaho	PARAQUAT	2000	kg			7495.4		26723.7		955.8	3524.5		458.1
16	Idaho	PARAQUAT	2001	kg					8582.7		1538.3	7480.1		20732.6
16	Idaho	PARAQUAT	2002	kg					5158.5		1236.5	8290.9		
16	Idaho	PARAQUAT	2003	kg	10671.6				8557.3		769.9	41295.7		
16	Idaho	PARAQUAT	2004	kg			71.3		3911.2		1221	5051.5		56.5
16	Idaho	PARAQUAT	2005	kg					2125.2		1206	11004.2	2166.5	
16	Idaho	PARAQUAT	2006	kg			2998.6		2511.6		199.8	1292		
16	Idaho	PARAQUAT	2007	kg					8954.4		234.4	20448.2		
16	Idaho	PARAQUAT	2008	kg			1675.9		12360.6		319.4	32932.2		
16	Idaho	PARAQUAT	2009	kg					1985.5		255.7	17577.5	306.4	450.1
16	Idaho	PARAQUAT	2010	kg			1790.5		1350.7		235.5	7214.9	690.2	
16	Idaho	PARAQUAT	2011	kg					2302		168.5	5594.5		
16	Idaho	PARAQUAT	2012	kg					2346.8		820	23874	253.5	1032.2
16	Idaho	PARAQUAT	2013	kg					1031		587.3	7831.3	10359.3	300
16	Idaho	PARAQUAT	2014	kg					1092.6		883.7	98141.9	1452.1	
16	Idaho	PARAQUAT	2015	kg					4255.3		332.7	19346.4	4727.8	
16	Idaho	PARAQUAT	2016	kg					1581.1		247.4	16513.1	2038.4	
16	Idaho	PARAQUAT	2017	kg					27850.3		520.5	16134.4	25401.5	
17	Illinois	PARAQUAT	1992	kg	45597.2	28485.1					749	5933.5	1246.5	6785.7
17	Illinois	PARAQUAT	1993	kg	41107.3	59260.1	15348.7		539.1		6757.7	14584	4047.8	3113
17	Illinois	PARAQUAT	1994	kg	84637.4	33261.4			431.7		3598.2		844.4	3479.2
17	Illinois	PARAQUAT	1995	kg	68664.1	86986.1	2652.1		273.9		3342.2	10904.9	8.9	13504.1
17	Illinois	PARAQUAT	1996	kg	47355.2	42416.4	8791.5		4977.1		7495.3	1729.7	311.8	6024.4
17	Illinois	PARAQUAT	1997	kg	13021.6	18844.8	4727.2		3398.3		2048.6	1439.2	296.9	6458.6
17	Illinois	PARAQUAT	1998	kg	49599.3	9762.2			204		2180.5			838.6
17	Illinois	PARAQUAT	1999	kg	43592.3	29360.5			3.2		2324.7		1937.1	765.3
17	Illinois	PARAQUAT	2000	kg	84153	22944.5			105.1		1181.1			3195.9
17	Illinois	PARAQUAT	2001	kg	44507.6	29975.8	6017.4				2203.1	1368.5		18983.1
17	Illinois	PARAQUAT	2002	kg	74436.4	38455.9			257.9		3204.8	11434.3		2722.7
17	Illinois	PARAQUAT	2003	kg	37250.9	30061.8			3479.9		2260.6	13985.5	80.2	519
17	Illinois	PARAQUAT	2004	kg	77710.5	46656.7			10.7		1462.5	3696.5		
17	Illinois	PARAQUAT	2005	kg	59735.3	47462.2			899.9		786.5		891	6019.7
17	Illinois	PARAQUAT	2006	kg	31905	37263.5			3365.9		1012.5			
17	Illinois	PARAQUAT	2007	kg	23051.2	20138.9			2317.8		582.1	2947.3		
17	Illinois	PARAQUAT	2008	kg	28909.4	32351.1			285.6		200.8			
17	Illinois	PARAQUAT	2009	kg	33524.7	21506.7	3510.1		314.8		1194.9			309.9
17	Illinois	PARAQUAT	2010	kg	100670.2	46688.8	4311		100.8		307.5			
17	Illinois	PARAQUAT	2011	kg	37340	16479.8			275.3		1158.5			654.4
17	Illinois	PARAQUAT	2012	kg	137024.3	92744.8	5946.5		4.8		664.7			
17	Illinois	PARAQUAT	2013	kg	65841.9	76344.8	86083.7		81.7		294			
17	Illinois	PARAQUAT	2014	kg	122583.3	133524.5	11904.9		427.6		678		767.1	
17	Illinois	PARAQUAT	2015	kg	134377.2	108549.4			156.2		125.5			269.5
17	Illinois	PARAQUAT	2016	kg	76103.6	256201.8			814.5					2124.5
17	Illinois	PARAQUAT	2017	kg	41932.2	476658.4	3085.6		523.1			628.1	126.2	7.2
18	Indiana	PARAQUAT	1992	kg	59646.1	86982.6	341.9		4.5		814.1	2725.8	1948	157.8
18	Indiana	PARAQUAT	1993	kg	34225.3	24976.2	1231.1		85.6		568.9	2705.5	1968.5	129.2
18	Indiana	PARAQUAT	1994	kg	27265.3	36744.4	2415.1		30.8		918.6		508.7	327.4
18	Indiana	PARAQUAT	1995	kg	31194	26543	1428.7		1405.8		697.1	4304.3	9.5	1231
18	Indiana	PARAQUAT	1996	kg	50249.6	44515.1	2274.4		278.2		1328	761.4	274.5	730.9
18	Indiana	PARAQUAT	1997	kg	40193.8	40028.4			3391.3		2090.2		5830.2	519.7
18	Indiana	PARAQUAT	1998	kg	119702	26413			248.4		562			165.6
18	Indiana	PARAQUAT	1999	kg	35422.9	12968.3			836.4		817.5		4343.9	64.8
18	Indiana	PARAQUAT	2000	kg	255345	27973			266.1		671.4			269.8
18	Indiana	PARAQUAT	2001	kg	219183	96036.3	240.7		11.8		1124.1			
18	Indiana	PARAQUAT	2002	kg	117038	13167.3			159.7		825.7	5540.8		277.9
18	Indiana	PARAQUAT	2003	kg	78081.7	109068.5			1205		303.9	5559.8		37.9
18	Indiana	PARAQUAT	2004	kg	44941.9	38188.6			195.4		897.6	2490		
18	Indiana	PARAQUAT	2005	kg	39371.3	56733.1	68.8		460.6		252.1		2014.4	387.6
18	Indiana	PARAQUAT	2006	kg	159356.8	22707.5			2277.6		181.2			
18	Indiana	PARAQUAT	2007	kg	130173.7	25970.9			1368.9		100.2	1103.5		
18	Indiana	PARAQUAT	2008	kg	72757.8	55467.4			57.1		157			
18	Indiana	PARAQUAT	2009	kg	56840.7	10913.2			724.7		242.5			33.1
18	Indiana	PARAQUAT	2010	kg	110828.9	33085.1	1010.3		303.2		361.3			
18	Indiana	PARAQUAT	2011	kg	97086.4	41159.6			37.4		189.3	6090.6		
18	Indiana	PARAQUAT	2012	kg	178249.2	34446.2	1540.4		122		171.3			
18	Indiana	PARAQUAT	2013	kg	135899.2	16515.2	26294.1		169.2		277.8	1264.4		
18	Indiana	PARAQUAT	2014	kg	73155.3	11227.4	3283.6		4261.2		255.8		821.4	
18	Indiana	PARAQUAT	2015	kg	52815.3	17173.7			99.7		145.7			39.5
18	Indiana	PARAQUAT	2016	kg	83803.7	62874.4			2557.7		45.3			5.9
18	Indiana	PARAQUAT	2017	kg	83058.4	27434.6	910.8		1247		136.3	2735.5	733.8	
19	Iowa	PARAQUAT	1992	kg	26232.3	40772.5					66	14382.5	637.1	68.7
19	Iowa	PARAQUAT	1993	kg	38620.9	29528.6	58.7		8.1		445.4	12380.4	4285.8	476
19	Iowa	PARAQUAT	1994	kg	28963.6	48534.9					249.3		251.4	73.4
19	Iowa	PARAQUAT	1995	kg	53197	52727			97		546.5	23562.4		340
19	Iowa	PARAQUAT	1996	kg	17458.9	17404.1	117.7		0.2		1945.9	3768.3	186.8	186.9
19	Iowa	PARAQUAT	1997	kg	10683.6	17245.2			442.6		1246	88	508.6	143
19	Iowa	PARAQUAT	1998	kg	79625.1	27810.4			28.2		387.1			
19	Iowa	PARAQUAT	1999	kg	56032.1	12339.7			3.5		574.2			20.6
19	Iowa	PARAQUAT	2000	kg	54045.7	26884			5.1		3862.5			109.5
19	Iowa	PARAQUAT	2001	kg	61669.8	78724.2	367.7				375.7			
19	Iowa	PARAQUAT	2002	kg	75679.8	40239.6			96.4		455.4	31901.8		150.6
19	Iowa	PARAQUAT	2003	kg	70297.4	33013.5			230.9		76.6	12439.4	3737.1	16.1
19	Iowa	PARAQUAT	2004	kg	83505.2	53411.4			0.9		403.2	16658.7		
19	Iowa	PARAQUAT	2005	kg	47250	158983.6			22.3		168.1			2.7
19	Iowa	PARAQUAT	2006	kg	22858.5	39213.7			117.1		106		1.7	
19	Iowa	PARAQUAT	2007	kg	109155.4	39570.5			77.7		62	6246.1	6423.5	
19	Iowa	PARAQUAT	2008	kg	38621.1	76090.7			8.2		45.3			
19	Iowa	PARAQUAT	2009	kg	122568	18029.4			6.6		111.9			
19	Iowa	PARAQUAT	2010	kg	86970.9	45527.4	65.6		2.3		148.4			
19	Iowa	PARAQUAT	2011	kg	45702.7	16052			1.7		70.9			
19	Iowa	PARAQUAT	2012	kg	148607.2	56031.2	42.3		1		21.5			
19	Iowa	PARAQUAT	2013	kg	66133.9	59081.4	470.9		0		83.4			
19	Iowa	PARAQUAT	2014	kg	40260.1	119688.4	81		25.4		103.8		1015.7	
19	Iowa	PARAQUAT	2015	kg	36450.9	69787			1.5		54.2			2.4
19	Iowa	PARAQUAT	2016	kg	53433.9	51026.1			1.3					
19	Iowa	PARAQUAT	2017	kg	52651.8	82187.6	25.6		4.5				7.1	
20	Kansas	PARAQUAT	1992	kg	2651.1	19929.6	2243.5	73			307.7	2006.3	7310.5	14887
20	Kansas	PARAQUAT	1993	kg	3131.3	11600.8	32600.8	102.3			101.3	601.1	38511	4696.4
20	Kansas	PARAQUAT	1994	kg	5325.8	5387.3	109817.1	237	575.3		339.2			62803.2
20	Kansas	PARAQUAT	1995	kg	32028.1	8415.4	7292.5	422.2	554.9		231	162.7	41132.6	58929.8
20	Kansas	PARAQUAT	1996	kg	47781	9222.2	30445.5	619.1	525.5		411.2	1423.9	1488	123444.6
20	Kansas	PARAQUAT	1997	kg	11989.9	4952.7	6711.4	235	4646.3		1194.3	40.8	16464.8	126175.2
20	Kansas	PARAQUAT	1998	kg	21022.5	21038.7	28092.9	2072.6	231		306.1	591.4	7214.1	5606.9
20	Kansas	PARAQUAT	1999	kg	7815	7745.5		1683.6			353.3	552	5294	34093.2
20	Kansas	PARAQUAT	2000	kg	8178.1	1899.4	8170.9	6981.1	88.2		1273	682.9	7412.6	18569.7
20	Kansas	PARAQUAT	2001	kg	16796.4	5039.1		6827.6	521.6		193.2		21641.1	21567.7
20	Kansas	PARAQUAT	2002	kg	37030	7864.5		1777.5	1009.2		59.5	12474.5	282839.3	11763.3
20	Kansas	PARAQUAT	2003	kg				8102.2	4017.8		100.6	4758.8	10267.1	15141.7
20	Kansas	PARAQUAT	2004	kg	10857.9	6002.8		5020.2			15.7	312	21046.1	4050.6
20	Kansas	PARAQUAT	2005	kg	5500.3			2096.8			145.4	401.3	29460.1	6746.2
20	Kansas	PARAQUAT	2006	kg	3242.6			2999.9					26174.7	2708.1
20	Kansas	PARAQUAT	2007	kg	2221			2746.4				1200.6	14410.4	15167.2
20	Kansas	PARAQUAT	2008	kg	114559.3			481.2					1895	16653
20	Kansas	PARAQUAT	2009	kg	4909.4	1399	43600.4	938.5	41.4				41940.3	24664.1
20	Kansas	PARAQUAT	2010	kg	8241.7		1208.5	2897.8	13.2			1166.9	14444.2	
20	Kansas	PARAQUAT	2011	kg				3583.4	350.5				58293.3	12897.6
20	Kansas	PARAQUAT	2012	kg	25272.8	5580.6		398.5	7.2				34359.2	9817
20	Kansas	PARAQUAT	2013	kg	32429.1	16367	19616.9	1514.4	38		8.8	229	5355.2	2754
20	Kansas	PARAQUAT	2014	kg	34850.2	100807.9	40119.6	1354.2			30.9		19861.1	33375.7
20	Kansas	PARAQUAT	2015	kg	24590.7	32908.5	63075.8	1428.8					88770.1	45866.8
20	Kansas	PARAQUAT	2016	kg	133305.4	138279.8	33967.8	4853.2				7681.3	91754.3	86726.7
20	Kansas	PARAQUAT	2017	kg	91433.8	145241.3	40035.7	3097.4					187196.7	81909.1
21	Kentucky	PARAQUAT	1992	kg	83499.6	16922.5	1860		255.3		359.8	2988.3	4040.6	234.4
21	Kentucky	PARAQUAT	1993	kg	57158.5	22978.6	719.8		236.4		348.4	2717.8	3184.8	891.7
21	Kentucky	PARAQUAT	1994	kg	85277.8	38357.2	17379		95.4		993.7	4294.5	1206.2	758.5
21	Kentucky	PARAQUAT	1995	kg	43845.1	19282.1	1148.9		221.8		761.2	2914.1	3754.7	2563
21	Kentucky	PARAQUAT	1996	kg	70200	9832.3	4243.5		828.6		485.2	987.8	754.1	6413.5
21	Kentucky	PARAQUAT	1997	kg	50548.7	8141.8			5891.4		1866.9	4818.4	71810.9	804.3
21	Kentucky	PARAQUAT	1998	kg	48913.5	9605.4			39.6		778.9	1127.9	133.2	1078.8
21	Kentucky	PARAQUAT	1999	kg	36697.6	26806.8			44.5		452.8	3649.8	25431.6	105.5
21	Kentucky	PARAQUAT	2000	kg	116295.6	18384.2			369.5		526.9			937.3
21	Kentucky	PARAQUAT	2001	kg	79810.8	5002.6	18.5		222.8		604.1	2440.9	2.9	1127.4
21	Kentucky	PARAQUAT	2002	kg	62158.3	8705.1			58.5		683.5	7578.7		1560.6
21	Kentucky	PARAQUAT	2003	kg	42685.9	3714	3812.8		607.8		346.7	561.5		202
21	Kentucky	PARAQUAT	2004	kg	62329.3	8706.5	75.9		127.9		510.1	7347	7877.1	
21	Kentucky	PARAQUAT	2005	kg	45029	72235.9	653.9		151.7		493.9		13108.8	1644.2
21	Kentucky	PARAQUAT	2006	kg	30696.3	11650.3			448.8		296.3	423.6		
21	Kentucky	PARAQUAT	2007	kg	29937.2	7611.4	4145		117.8		376.3	1194.2		
21	Kentucky	PARAQUAT	2008	kg	187900.1	15167.7	108819.3		276.3		188.5			130
21	Kentucky	PARAQUAT	2009	kg	37673.5	2529.4	3230.2		351.5		333			
21	Kentucky	PARAQUAT	2010	kg	27326	7089	2633.8		28.7		311.7			
21	Kentucky	PARAQUAT	2011	kg	25293.3	44805.8			34.4		222.8	3103.9	78.1	127
21	Kentucky	PARAQUAT	2012	kg	74938.9	27988	26777		132.6		228.5		205.9	0.7
21	Kentucky	PARAQUAT	2013	kg	25071.8	6685.7	89396.4		24.3		185.9			1337
21	Kentucky	PARAQUAT	2014	kg	15144.1	11345.1	13462.2		345.8		184.7		11402.7	5.9
21	Kentucky	PARAQUAT	2015	kg	51765.9	28253.5	627.9		177		124.7	63.2	7410	2766.2
21	Kentucky	PARAQUAT	2016	kg	36894.3	66584.2	11579.3		258.2		156.9		564.7	680.1
21	Kentucky	PARAQUAT	2017	kg	33387.5	22050.9	11378		119.8		159.4		207.4	262.8
22	Louisiana	PARAQUAT	1992	kg	3122.5	18258.5		9822.2	457.3		1081.3		11739.8	1082.5
22	Louisiana	PARAQUAT	1993	kg	6687.8	26115		8213.2	2.9	142.3	65.9		4487	971.2
22	Louisiana	PARAQUAT	1994	kg	4912.7	9446.9		19294.8	290.1	525.3	30.3		600.9	12401
22	Louisiana	PARAQUAT	1995	kg	8808.8	8124.7		7329.3	2862	6500.8	98.6		2014.9	5313.5
22	Louisiana	PARAQUAT	1996	kg	6651.8	17718.2		25223.4	646.1		67.4		1706.7	5998.1
22	Louisiana	PARAQUAT	1997	kg	10186.4	41224.1	1544.2	8129.2	343	974.3	76.8		1972.3	6914.4
22	Louisiana	PARAQUAT	1998	kg	8486.7	10704.8		20225.6		818.5	750.5		320.5	20090.7
22	Louisiana	PARAQUAT	1999	kg	1608.5	4206.1		19011.8		3320.1	443.4			39528
22	Louisiana	PARAQUAT	2000	kg	21153.4	6150.8	3807	43221.2		2335.4	822.1		57.8	12272.3
22	Louisiana	PARAQUAT	2001	kg	8435.1	5663.8		41410.1			225.9			15078.4
22	Louisiana	PARAQUAT	2002	kg	3115.6	4330		8506	21.3	8020.9	79.7		18	7292.1
22	Louisiana	PARAQUAT	2003	kg	4958.1	5628.2		543.1			428.4			20558.4
22	Louisiana	PARAQUAT	2004	kg	21560.2	6500.4		8254.6	3.1	2736.1	561.8			17989.2
22	Louisiana	PARAQUAT	2005	kg	14835.4	13370.4		15960.1			47.7			15956.4
22	Louisiana	PARAQUAT	2006	kg	8433.7	17096.8		4189.6	6.9	657.5	27.5			14972.9
22	Louisiana	PARAQUAT	2007	kg	91560.4	12847.7		17044.1	10.9		9		185.4	3471
22	Louisiana	PARAQUAT	2008	kg	7443	8395.5		2587.2	26.6	1372.1	0.8		11070.2	1650
22	Louisiana	PARAQUAT	2009	kg	8869.9	2297.3		8046	45.7	11530.5	0.3			10825.4
22	Louisiana	PARAQUAT	2010	kg	69213.8	135423.5		2709.5	1	7172.3	19.2			9169.9
22	Louisiana	PARAQUAT	2011	kg	11847.3	21066.7		10040.1		1610.2	8.1			8935.6
22	Louisiana	PARAQUAT	2012	kg	5711.5	41802.1	2197.4	5038.4	5.3	674.2				9836.4
22	Louisiana	PARAQUAT	2013	kg	26826.6	39397.4	4305.6	11228.2	17.7					13437
22	Louisiana	PARAQUAT	2014	kg	16163.6	38315.4		6576.1	18.1		4.4		3302.4	6269.4
22	Louisiana	PARAQUAT	2015	kg	9361.4	68794.4		8655.8		3685.4				7939.6
22	Louisiana	PARAQUAT	2016	kg	14562.8	60079.7		20577.9					2774.5	25171.1
22	Louisiana	PARAQUAT	2017	kg	15635.9	85695.8	4233.3	30086.8		22808.5			8596.7	152.1
23	Maine	PARAQUAT	1992	kg					228.7		22266.9			437.5
23	Maine	PARAQUAT	1993	kg					1253.3		1327.5			
23	Maine	PARAQUAT	1994	kg					924.1		134.4			
23	Maine	PARAQUAT	1995	kg					3251.6		1781.2			142.5
23	Maine	PARAQUAT	1996	kg					1924.7		847.7			
23	Maine	PARAQUAT	1997	kg					585.5		1969.3			
23	Maine	PARAQUAT	1998	kg					2617.2		162.7			
23	Maine	PARAQUAT	1999	kg					1821.8		2770.3			
23	Maine	PARAQUAT	2000	kg					376		388			
23	Maine	PARAQUAT	2001	kg					1508.7		296.2			
23	Maine	PARAQUAT	2002	kg					722.5		607.5			
23	Maine	PARAQUAT	2003	kg					1045.7		245.7			
23	Maine	PARAQUAT	2004	kg					953.5		463.9			
23	Maine	PARAQUAT	2005	kg					1290.1		581.8			
23	Maine	PARAQUAT	2006	kg					490.7		344.3			
23	Maine	PARAQUAT	2007	kg					1567.9		272.5			
23	Maine	PARAQUAT	2008	kg					398.3		299.7			
23	Maine	PARAQUAT	2009	kg					493		353.1			
23	Maine	PARAQUAT	2010	kg					369.8		704.8			
23	Maine	PARAQUAT	2011	kg							258.5			
23	Maine	PARAQUAT	2012	kg					1015.4		573.9			
23	Maine	PARAQUAT	2013	kg					899.5		513			
23	Maine	PARAQUAT	2014	kg					151.9		480.1			
23	Maine	PARAQUAT	2015	kg					193.4		479.3			
23	Maine	PARAQUAT	2016	kg					385.9		271.5			
23	Maine	PARAQUAT	2017	kg					670.5		482.7			
24	Maryland	PARAQUAT	1992	kg	41111.6	14550.2	15767.3		2565.2		3178.2	373.4	5162.5	544.1
24	Maryland	PARAQUAT	1993	kg	17385.4	22430.3	9214.1		4025.4		4491.5	1203.8	43.9	3646.3
24	Maryland	PARAQUAT	1994	kg	39874.6	18037.9	1362.2		1887.9		2442.5	512.3	109.9	819
24	Maryland	PARAQUAT	1995	kg	24834.2	15673	3033.1		4142.6		1784.1	899.3	691.3	904.2
24	Maryland	PARAQUAT	1996	kg	39375.9	14080.9	1539.3		2357.1		7255.3	719.4	603.9	2614.7
24	Maryland	PARAQUAT	1997	kg	27768.5	38742.7	321		4624.5		1844.6	2874.8	51.8	1626.6
24	Maryland	PARAQUAT	1998	kg	34047.3	16611.6	2222.6		2551.3		743.9	149.9		208.8
24	Maryland	PARAQUAT	1999	kg	29756.1	12327.2	2483.6		1204.4		1017	1440.8		
24	Maryland	PARAQUAT	2000	kg	54001.7	11417.9	1428.6		3102		891.3	603.1		462.5
24	Maryland	PARAQUAT	2001	kg	18829.6	10782.7	418.8		1191.4		299.7	294.9		564.6
24	Maryland	PARAQUAT	2002	kg	55469.1	7311.6			1270.9		1230.6	1514.8		501.2
24	Maryland	PARAQUAT	2003	kg	69829.2	13149.7	1639.3		2134.2		913.5	296		37.4
24	Maryland	PARAQUAT	2004	kg	35505	7730.9	307		2031.2		1487	1133.1		409.5
24	Maryland	PARAQUAT	2005	kg	40897.6	5303.6	2248		572.8		805.1	100		
24	Maryland	PARAQUAT	2006	kg	28355.3	5220.6	297		734.5		1296.2	340.1		
24	Maryland	PARAQUAT	2007	kg	24822.6	61426	1385.6		985.6		618.8	365		
24	Maryland	PARAQUAT	2008	kg	15984.4	12102.3	13379.8		262.4		636.3			
24	Maryland	PARAQUAT	2009	kg	12590	60319.8	1807.9		960.6		538.8			297.3
24	Maryland	PARAQUAT	2010	kg	16305.1	18172.5	757.4		121.8		1013.1	48.5		2462.4
24	Maryland	PARAQUAT	2011	kg	19364.7	12628.3	14626.2		536.1		326.5	68.6	277.9	868.3
24	Maryland	PARAQUAT	2012	kg	30817.9	7784.5	9959.3		510.9		812	171.2		1452.3
24	Maryland	PARAQUAT	2013	kg	48488.5	42056.4	14690.2		512.5		581.8			268.9
24	Maryland	PARAQUAT	2014	kg	60557.9	38078.4	7164.5		689.3		385.5			4509.3
24	Maryland	PARAQUAT	2015	kg	26876.8	9222	25109.2		122.1		459.3			1293.9
24	Maryland	PARAQUAT	2016	kg	44275.3	43431.8	5364.4		91.5		332.5	667.9		1167.3
24	Maryland	PARAQUAT	2017	kg	84699.6	77427.8	7991.5				574.3	50.4		345.5
25	Massachusetts	PARAQUAT	1992	kg	1226.9	3.4			1364.5		282.6	202.5	99.5	
25	Massachusetts	PARAQUAT	1993	kg	97.1	3.2			25.6		2553.3	3	31.2	
25	Massachusetts	PARAQUAT	1994	kg	534.3	2.4			338.9		12566.5	126.2		
25	Massachusetts	PARAQUAT	1995	kg	60.1	2.4			549.9		1046.8	404.6	9.2	
25	Massachusetts	PARAQUAT	1996	kg	238.6	4.7			323.1		264.4	161.5	22.7	12.7
25	Massachusetts	PARAQUAT	1997	kg	69.8	1.9			1122.8		128.5	594	41.4	
25	Massachusetts	PARAQUAT	1998	kg	147.7	2.7			695.3		737.7	59.6		
25	Massachusetts	PARAQUAT	1999	kg	391	2.7			1516.3		412.5			
25	Massachusetts	PARAQUAT	2000	kg	260.7	0.5			330.3		330			
25	Massachusetts	PARAQUAT	2001	kg	469	0.5			521.7		294.7	23.9		
25	Massachusetts	PARAQUAT	2002	kg	321.7	0.1			694.2		732.9	258.4		
25	Massachusetts	PARAQUAT	2003	kg	2144.6	0.4			1066.8		645.7			
25	Massachusetts	PARAQUAT	2004	kg	265.4	0.1			240.3		418.3	586.8		
25	Massachusetts	PARAQUAT	2005	kg	314.6				258.7		872.5	48.4		
25	Massachusetts	PARAQUAT	2006	kg	899.7	0.1			453.1		668.6			
25	Massachusetts	PARAQUAT	2007	kg	1316.1				183		643.3			
25	Massachusetts	PARAQUAT	2008	kg	188.7	4.5			147.4		436.6			
25	Massachusetts	PARAQUAT	2009	kg	781.9	52.7			586.1		511.3			
25	Massachusetts	PARAQUAT	2010	kg	4753.3	16.4			732.8		1065.6	19.2		
25	Massachusetts	PARAQUAT	2011	kg	336.3				28.6		415.3			
25	Massachusetts	PARAQUAT	2012	kg	603.8	42.7			492.3		239.7			
25	Massachusetts	PARAQUAT	2013	kg	421.8	12.6			449.3		795.1			
25	Massachusetts	PARAQUAT	2014	kg	614.2	15.8			195.5		609.2			
25	Massachusetts	PARAQUAT	2015	kg	488.8	2.1			545.9		695.4			
25	Massachusetts	PARAQUAT	2016	kg	800.1				317.6		409.7			
25	Massachusetts	PARAQUAT	2017	kg	341.4	35.6			194.7		148.1			
26	Michigan	PARAQUAT	1992	kg	11075.1	3377.9			4877.2		26288		709.6	
26	Michigan	PARAQUAT	1993	kg	26189.4	3271.9			7538		41477.5		84.9	417.3
26	Michigan	PARAQUAT	1994	kg	9679	1466.2	382.8		6735.1		33221.1			
26	Michigan	PARAQUAT	1995	kg	4137.1	766.9			6005.9		31855.2		149.3	
26	Michigan	PARAQUAT	1996	kg	7001.1	9634.1			9149		15411.7		108.1	
26	Michigan	PARAQUAT	1997	kg	13309.3	1642.2			3974		27125.8			
26	Michigan	PARAQUAT	1998	kg	2453.8	15588.2			1941.2		18822.4			
26	Michigan	PARAQUAT	1999	kg	5412.3	3451.6			21769.6		17751.3			
26	Michigan	PARAQUAT	2000	kg	9172.8	4014.1			19382.9		18775.8			
26	Michigan	PARAQUAT	2001	kg	4384.1	1764.7			3049.1		12875.3			
26	Michigan	PARAQUAT	2002	kg	9493.9	1295.2			1236.4		24106.4	3031.2		
26	Michigan	PARAQUAT	2003	kg	12114	6205.2			2284.1		13223.3	1705		
26	Michigan	PARAQUAT	2004	kg	9656.9	25798.5			2697.5		16015.4			
26	Michigan	PARAQUAT	2005	kg	3961.7				1271.2		9044.4			
26	Michigan	PARAQUAT	2006	kg	4003.9	3713.3			5211.2		6191			
26	Michigan	PARAQUAT	2007	kg	3738.7				3439.6		3660.6			
26	Michigan	PARAQUAT	2008	kg	3018.8				859.1		5422.5			
26	Michigan	PARAQUAT	2009	kg	19920.8				1248.7		4224.8			
26	Michigan	PARAQUAT	2010	kg	297.5				1457.5		12680.7			
26	Michigan	PARAQUAT	2011	kg	7525.7	3085.1			2586.7		12929.9			
26	Michigan	PARAQUAT	2012	kg					8041.2		12337.5			
26	Michigan	PARAQUAT	2013	kg	25693.5	14701.9			4332.4		11390.7	4178.8		
26	Michigan	PARAQUAT	2014	kg	7151	5091			19642.6		11735			1307.3
26	Michigan	PARAQUAT	2015	kg	11500.6	2978			1875.8		7858.7			
26	Michigan	PARAQUAT	2016	kg	30095.1	40336.2			5635.1		9440			
26	Michigan	PARAQUAT	2017	kg	7692.9				5872.9		11515.5			
27	Minnesota	PARAQUAT	1992	kg	45996.6	17060			677.6		4898.1		723.4	
27	Minnesota	PARAQUAT	1993	kg	8947.6	11476.3			339.6		652.1		287.3	5027.3
27	Minnesota	PARAQUAT	1994	kg	16876.2	28562.3			2754.6		2842.8		96.5	
27	Minnesota	PARAQUAT	1995	kg	4513.4	22029.3			2313.1		2195.4			9433.7
27	Minnesota	PARAQUAT	1996	kg	16325	8178.2			1545.1		277.8		141.6	
27	Minnesota	PARAQUAT	1997	kg	9502.6	15373.9	931.8		7236.4		991.6		447.1	
27	Minnesota	PARAQUAT	1998	kg	36781.4	9682.4			1529.7		374.8			5889.1
27	Minnesota	PARAQUAT	1999	kg	28155	10017.1			2502.9		2449.6			613.8
27	Minnesota	PARAQUAT	2000	kg	53689	14156.5			3142.2		465.5			12421.9
27	Minnesota	PARAQUAT	2001	kg	41502.9	36805.9	2259.9		4182.6		428.6			
27	Minnesota	PARAQUAT	2002	kg	63802.4	22487.8	227.3		4090.5		543.6		407.4	
27	Minnesota	PARAQUAT	2003	kg	4490	17034.7			2030.8		213.7		13520.6	272.7
27	Minnesota	PARAQUAT	2004	kg	53986.4	27068.3			3555.7		502.9		794.7	137.2
27	Minnesota	PARAQUAT	2005	kg	30589.8	75406.1			4971.2		219.1			4931.9
27	Minnesota	PARAQUAT	2006	kg	19095.6	18768.4			858.9		210.5		1.4	3416.2
27	Minnesota	PARAQUAT	2007	kg	52368.4	16866.2			1030.7		124.5		2001.2	
27	Minnesota	PARAQUAT	2008	kg	24748	35385.2	1425.9		2159.8		119			769.7
27	Minnesota	PARAQUAT	2009	kg	66200.1	8891.9	4731.9		1738.8		237.1		640.5	545.3
27	Minnesota	PARAQUAT	2010	kg	40598.4	22389.8	1300.1		2064.5		303.7			219
27	Minnesota	PARAQUAT	2011	kg	32308.2	12743.7			1459.7		205.9			
27	Minnesota	PARAQUAT	2012	kg	69060.3	28554.8	49		1073.3		231		81.2	346.2
27	Minnesota	PARAQUAT	2013	kg	74009.5	23525.5	521.7		819.2		311.1			
27	Minnesota	PARAQUAT	2014	kg	61981.6	32273.6	85.1		1331.1		435.8		545.9	655.1
27	Minnesota	PARAQUAT	2015	kg	61237.6	35539.5	245.4		885.4		264.8		70.7	
27	Minnesota	PARAQUAT	2016	kg	74377	44159.6			1756.4		92.4		129.1	909.2
27	Minnesota	PARAQUAT	2017	kg	26954.8	75776.8	20.9		3831.4		443.3		527.7	
28	Mississippi	PARAQUAT	1992	kg	4329.3	19063.7		19082	212.9		6975.2		2347.7	1204.9
28	Mississippi	PARAQUAT	1993	kg	4296.9	33238.6		6287.6	552.3		1815.7		819.9	4750.9
28	Mississippi	PARAQUAT	1994	kg	4123.6	25415.7		62889.8	579	296.9	2431.7		12846.1	2745.9
28	Mississippi	PARAQUAT	1995	kg	13344.3	13543.5	59.8	28743.8	269.8	1231.4	2685.1		1101.2	921.4
28	Mississippi	PARAQUAT	1996	kg	11326	8563.9	29.9	12203.7	426		944.2		4520.9	13778.3
28	Mississippi	PARAQUAT	1997	kg	4853.1	32642	1367.5	13031.4	213.7		1239.7		719.4	413.8
28	Mississippi	PARAQUAT	1998	kg	7233.7	35086.4	20.7	19376.5	201.2	142.8	850.6		2094.3	3642.2
28	Mississippi	PARAQUAT	1999	kg	10889.3	34517.7	41	25998.9	105.4	3832.8	1120		6010.1	106.3
28	Mississippi	PARAQUAT	2000	kg	51440.3	20262.4	233.4	43844.4	356.7	1328.6	925.4			1477.2
28	Mississippi	PARAQUAT	2001	kg	15313	20534.7		43676.3	108.6		1251.8			265
28	Mississippi	PARAQUAT	2002	kg	66178.4	8495		13539.5	202.9	3972.2	1097.2		10993.9	673.5
28	Mississippi	PARAQUAT	2003	kg	6321.9	5341.6	77.8	8094.8	30.7		535.9			7635.6
28	Mississippi	PARAQUAT	2004	kg	23269.9	8199.9	7.1	15554.9	34.5	2806.8	368.8			33.9
28	Mississippi	PARAQUAT	2005	kg	14976.3	26277.8	68.5	8811	100.5		687.3			43.6
28	Mississippi	PARAQUAT	2006	kg	10858.7	33778.2	16.4	4394.6	103.5	2452.1	535.2			62.9
28	Mississippi	PARAQUAT	2007	kg	141293.7	68936.7	3069.5	4559.8	128.1		196.4		6094.9	92.7
28	Mississippi	PARAQUAT	2008	kg	17223.7	14932.3	517.5	863.8	154.1	4661.4	240.5		254.6	25.5
28	Mississippi	PARAQUAT	2009	kg	10872.1	29002.4	290	6471.3	234.9	4377.3	116.4			313
28	Mississippi	PARAQUAT	2010	kg	61688.9	143125.7	577.2	6605.9	3.6	38.3	388.3			602.3
28	Mississippi	PARAQUAT	2011	kg	10216.6	61903.1	460.2	14140.5	110.1	2205.2	158.8		5941.9	354.2
28	Mississippi	PARAQUAT	2012	kg	24902.5	15190.1	3064.9	21648.9	63.4	370.1	194.4		661.3	528.9
28	Mississippi	PARAQUAT	2013	kg	20426.9	8467.6	12383.8	43594.3	274.6		296.1			1934.2
28	Mississippi	PARAQUAT	2014	kg	37229	95454	140.1	36314.7	309.8		352.9		1610.9	1834.7
28	Mississippi	PARAQUAT	2015	kg	102887.5	232661.6	685.8	52380.3	154.1	11120.3	206.8			2682.6
28	Mississippi	PARAQUAT	2016	kg	22666.2	224917.4	2452.8	34276.5	143.3	310.9	133.1		2037	603.4
28	Mississippi	PARAQUAT	2017	kg	28046.5	223706.5	2593	78633.3		18592.5	295.9		173.6	686.1
29	Missouri	PARAQUAT	1992	kg	26932.3	21043.5		201.9			7908.9	12510.3	34755.3	26223.9
29	Missouri	PARAQUAT	1993	kg	12653.5	20866.4	10559.9	1078.9	39		1841	3823.4	2265.5	6584.2
29	Missouri	PARAQUAT	1994	kg	16016.8	7150.3	10274.1	243.2	6.3		1564.5	881.2	581	7013.4
29	Missouri	PARAQUAT	1995	kg	12995.1	44070.3		278.3	508.5		3031.9	5840.5	2339.7	49268.1
29	Missouri	PARAQUAT	1996	kg	21065.8	8693.9	7795.7	4918.8	1105.9		2240.6	4316.3	3664.1	22187.9
29	Missouri	PARAQUAT	1997	kg	25889.6	19327.8		1506.9	2697.5	83.8	7690.9	368.6	942.7	14624.6
29	Missouri	PARAQUAT	1998	kg	25665.9	47685.5	8348.2	4366	908.4		1122.6		1516	
29	Missouri	PARAQUAT	1999	kg	14646.6	10273.1	213.8	5004.5		492.1	2062.1	1510.7	1058.1	1809.6
29	Missouri	PARAQUAT	2000	kg	20864.2	14217.2	5619.2	7124.3	50.4	589.2	3612	2006.5		8982
29	Missouri	PARAQUAT	2001	kg	18253.8	3991.8	12116.5	3016.3	36.8	3.7	2945.3	342.9	4082.8	13932.8
29	Missouri	PARAQUAT	2002	kg	37558.1	10709.8		8526.3	5.7	671.3	1023.7	8687.4	18773.3	12776.2
29	Missouri	PARAQUAT	2003	kg	20814.6	11854.3	1349.3	2017	495.4		860.9	7867.2	797.5	42688.6
29	Missouri	PARAQUAT	2004	kg	25408.4	26781.2		5467.8	79.5		1647.9	2908.6	489.8	
29	Missouri	PARAQUAT	2005	kg	17982.3	267815	1557.8	5968	94.6	414.2	415.7	862.6	45227.5	19.3
29	Missouri	PARAQUAT	2006	kg	13049	14857.4		6868.2	909.7	1043.2	402.8	2671.1	25183.1	
29	Missouri	PARAQUAT	2007	kg	12717.1	32581.6		5753.4	339.8	117.4	277.6	3214.4	9272.4	
29	Missouri	PARAQUAT	2008	kg	27852	48975.4		4882	25.7	306.5	100.5		4059.8	
29	Missouri	PARAQUAT	2009	kg	41543.8	14078.5	2265.8	1920.6	75.4	113.2	499.5			
29	Missouri	PARAQUAT	2010	kg	24450.4	23669.6	2644.7	11809.1	48		227.2	4108.5	10645.9	
29	Missouri	PARAQUAT	2011	kg	14054.1	40623.4		43581.6	21.6	320.9	387.7		48403.1	1169.8
29	Missouri	PARAQUAT	2012	kg	24326	24337.9	4596.2	19261.7	277.1	0.8	199.6			
29	Missouri	PARAQUAT	2013	kg	16040.9	49626.7	70949.2	16301.3			140.4	972.2	10907.6	
29	Missouri	PARAQUAT	2014	kg	68904.4	82159.6	11017.1	39731		157	254.8		12521.1	2873.3
29	Missouri	PARAQUAT	2015	kg	44649.4	79896.6		32690.6		1120.5	75.4			93.4
29	Missouri	PARAQUAT	2016	kg	46547	69134.5		18643.9	17.2				283.3	3312.4
29	Missouri	PARAQUAT	2017	kg	17130.3	94611.3	3210.1	29141.9	36.1	981.4			617.4	52.5
30	Montana	PARAQUAT	1992	kg	286.7				411.8		55.8	1944.4	12704.5	
30	Montana	PARAQUAT	1993	kg	84.6		5126.2		382.7		48.8	563.3	1560.7	
30	Montana	PARAQUAT	1994	kg	361.8		17154.5		1277.5		91.2	14646.2	1167.2	1104
30	Montana	PARAQUAT	1995	kg	52.9		2325.6		222.7		202.3	8693.4	1140.9	
30	Montana	PARAQUAT	1996	kg	53.2				1356.7		134	19959.5	172.5	
30	Montana	PARAQUAT	1997	kg					1494.3		268.6	7478.8	323.3	1438.5
30	Montana	PARAQUAT	1998	kg			3683		162.6		36.3	10262.6		
30	Montana	PARAQUAT	1999	kg	58.1		11980.3		647.2		386	14738.1	28.7	1905.4
30	Montana	PARAQUAT	2000	kg	135				756.9		131	16293.4		
30	Montana	PARAQUAT	2001	kg					819.4		149.3	17466.5		
30	Montana	PARAQUAT	2002	kg					3330.6		61.7	15388.2	17635.6	
30	Montana	PARAQUAT	2003	kg	2347.2				1499.2		45.1	19831.1		1287
30	Montana	PARAQUAT	2004	kg			510.1		338.1		69.8	4442.7	42430	19.6
30	Montana	PARAQUAT	2005	kg					5566.7		57.6	5585.4		
30	Montana	PARAQUAT	2006	kg					673.8			15281.1	3.3	
30	Montana	PARAQUAT	2007	kg					1368.3		9.4	13353.3		
30	Montana	PARAQUAT	2008	kg			1668.5		2032.7		37.1	29738.7		5079.9
30	Montana	PARAQUAT	2009	kg			13994.4		5006.2		34.2	10472.4	4258.9	
30	Montana	PARAQUAT	2010	kg			2810.5		27134.8		72.8	37892.9		2358.2
30	Montana	PARAQUAT	2011	kg					33042.1		68.6	5075.6		
30	Montana	PARAQUAT	2012	kg			5213		17183.5		35.4		13821.4	
30	Montana	PARAQUAT	2013	kg					5065.9		52.9	1267.6	26434.4	440.3
30	Montana	PARAQUAT	2014	kg					15509.4		114.1	31220.2	524.8	572.5
30	Montana	PARAQUAT	2015	kg			1526.8		14500.5		34.4	24210.4	17113.7	36.9
30	Montana	PARAQUAT	2016	kg			125340.1		2870.6			2439.5	15651.5	147
30	Montana	PARAQUAT	2017	kg			20162.3		35073.9		71.3	22483.2	53494.4	
31	Nebraska	PARAQUAT	1992	kg	13083.2	16554.2	310		645.2		6.1	5864	13602.6	20763.4
31	Nebraska	PARAQUAT	1993	kg	14468.5	24751.7	7612.9		259.9		21.2	3713.9	9705.4	7112
31	Nebraska	PARAQUAT	1994	kg	10228.8	6439.2	21637.5		3688.8		101.9		390	28762
31	Nebraska	PARAQUAT	1995	kg	49571.1	18768.2	12930		8735.1		33.1	7627.1	11270.4	24540.8
31	Nebraska	PARAQUAT	1996	kg	6307.8	21923.3	418.6		2565.9		205.1	1428.3	1648.3	7437.6
31	Nebraska	PARAQUAT	1997	kg	5141.2	20344.6	3516.1		9347		176.9	1026.9	6133.9	15608.7
31	Nebraska	PARAQUAT	1998	kg	71669.6	3569.6	1258		988.9		31	806.4	6446.6	48.5
31	Nebraska	PARAQUAT	1999	kg	8932.1	13935.5					129.9		1324.4	11943
31	Nebraska	PARAQUAT	2000	kg	12667.6	10312.1			2570.1		951.2		4091.1	14300.8
31	Nebraska	PARAQUAT	2001	kg	40372.2	10918.4			12115.8		22		24859.7	8000.8
31	Nebraska	PARAQUAT	2002	kg	9945	8158.6			6770.6		39.8	51377.3	21441	2599.9
31	Nebraska	PARAQUAT	2003	kg	23518.2	8711.5			4303.2		6.7	27365.9	4544.4	1760.5
31	Nebraska	PARAQUAT	2004	kg	27543.5	14239.6			358.4		37.6	5202.9	19284.3	840.5
31	Nebraska	PARAQUAT	2005	kg	16272.7	50735.7			742		15.7		11803.9	642.4
31	Nebraska	PARAQUAT	2006	kg	85558.2	10769			247.4		10		1328	
31	Nebraska	PARAQUAT	2007	kg	33364.1	9102.7			509.6		5.9	5712.1		724
31	Nebraska	PARAQUAT	2008	kg	16343.6	22634.2			802		3.5		9877.2	2113.5
31	Nebraska	PARAQUAT	2009	kg	47735.1	4924.4			909.9		8.8		9856.8	
31	Nebraska	PARAQUAT	2010	kg	38559.2	13045.3	883.9		852.7		11.7			
31	Nebraska	PARAQUAT	2011	kg	4097.7	10279.2			3128.3		5.7		3457.8	414.5
31	Nebraska	PARAQUAT	2012	kg	82939.1	19652.6	1667.5		1146.9		1.5		4944.2	679.2
31	Nebraska	PARAQUAT	2013	kg	68563.5	9610.6	14104.4		1491.7		6.7			147.1
31	Nebraska	PARAQUAT	2014	kg	269050.3	49574.6	13347.8		1589		9		5159	2625.7
31	Nebraska	PARAQUAT	2015	kg	47539.1	39556.9	3257.3		3571.1		4.9		9888.6	4292.1
31	Nebraska	PARAQUAT	2016	kg	128202.6	15082.4	2894.4		224.2				10160.7	3285.7
31	Nebraska	PARAQUAT	2017	kg	295916.3	53064.1	2609.8		1672.5				23017.4	4043.1
32	Nevada	PARAQUAT	1992	kg					345.2		9.1	742.3	1133.5	
32	Nevada	PARAQUAT	1993	kg	15.9				338.9		13.8	1774.6	261.2	
32	Nevada	PARAQUAT	1994	kg			37.8		1049.4		35.6	2603.2	3740.7	
32	Nevada	PARAQUAT	1995	kg	16.1		16.4		0.4		49.6	10373.9	216.6	3.3
32	Nevada	PARAQUAT	1996	kg			18.3		878		20.1	1476.1	204.3	
32	Nevada	PARAQUAT	1997	kg					844.1		32.8	1140.7	1193.1	
32	Nevada	PARAQUAT	1998	kg			57.4		3.9		49.5	11489.4		66.8
32	Nevada	PARAQUAT	1999	kg			322.5		0		39.4	42938.9		
32	Nevada	PARAQUAT	2000	kg					236.5		20.1	6984.9		
32	Nevada	PARAQUAT	2001	kg					283		34.6	11901.8		3.3
32	Nevada	PARAQUAT	2002	kg					177.4		40.1	44908.4		
32	Nevada	PARAQUAT	2003	kg	670.7				173.9		32.6	4366.2		
32	Nevada	PARAQUAT	2004	kg							32.8	1198.3		0.1
32	Nevada	PARAQUAT	2005	kg					10.6		25.6	4261		
32	Nevada	PARAQUAT	2006	kg					53.6		7.2	6728.7		
32	Nevada	PARAQUAT	2007	kg							10.9	3611		
32	Nevada	PARAQUAT	2008	kg					5.6		78.4	29173.9		
32	Nevada	PARAQUAT	2009	kg					19.3		13.4	2077.9	21	
32	Nevada	PARAQUAT	2010	kg					31.1		46.4	2142.6		
32	Nevada	PARAQUAT	2011	kg					23.5		13.1	1176.3		
32	Nevada	PARAQUAT	2012	kg					26.6		2.5	1931.8	22.1	
32	Nevada	PARAQUAT	2013	kg					3.4		7.3	2281.5	471.6	6.9
32	Nevada	PARAQUAT	2014	kg					2		44.4	1728.2	17.8	
32	Nevada	PARAQUAT	2015	kg					4.7		6.1	4125.3	139.3	
32	Nevada	PARAQUAT	2016	kg					5.3		5.8	969.1	130.4	
32	Nevada	PARAQUAT	2017	kg							112.7	3566	767.5	
33	New Hampshire	PARAQUAT	1992	kg	620.9				355.1		182.4			
33	New Hampshire	PARAQUAT	1993	kg	58.6				1.1		329.7			
33	New Hampshire	PARAQUAT	1994	kg	545.6				113.8		774			
33	New Hampshire	PARAQUAT	1995	kg	105.7				29.5		69.2			
33	New Hampshire	PARAQUAT	1996	kg	150.6				35.8		638.6			
33	New Hampshire	PARAQUAT	1997	kg	110.2				206		417.6			
33	New Hampshire	PARAQUAT	1998	kg	392.6				168.9		224.9			
33	New Hampshire	PARAQUAT	1999	kg	270.6				309		1000.2			
33	New Hampshire	PARAQUAT	2000	kg	188.3				76.3		143.2			
33	New Hampshire	PARAQUAT	2001	kg	285.8				141.9		121.5			
33	New Hampshire	PARAQUAT	2002	kg	256.5				144.1		318.6			
33	New Hampshire	PARAQUAT	2003	kg	720.1				183.3		282.6			
33	New Hampshire	PARAQUAT	2004	kg	218.5				18.9		205.2			
33	New Hampshire	PARAQUAT	2005	kg	263.5				52.7		407.1			
33	New Hampshire	PARAQUAT	2006	kg	434.1				86.3		265.1			
33	New Hampshire	PARAQUAT	2007	kg	1143				54.8		222.3			
33	New Hampshire	PARAQUAT	2008	kg	149.3				31.3		92.9			
33	New Hampshire	PARAQUAT	2009	kg	482.4				176.2		216.7			
33	New Hampshire	PARAQUAT	2010	kg	438.8				157		436			
33	New Hampshire	PARAQUAT	2011	kg	268.6				8.6		163.7			
33	New Hampshire	PARAQUAT	2012	kg	484.4				21.6		283			
33	New Hampshire	PARAQUAT	2013	kg	329.6				113.1		253.4			
33	New Hampshire	PARAQUAT	2014	kg	467.9				59		251.8			
33	New Hampshire	PARAQUAT	2015	kg	363.1				155.4		256.6			
33	New Hampshire	PARAQUAT	2016	kg	579.8				59		153.7			
33	New Hampshire	PARAQUAT	2017	kg	241.5				24.4		276.4			
34	New Jersey	PARAQUAT	1992	kg	4767.1	2791.9			2245.5		1758	332.2	136.7	
34	New Jersey	PARAQUAT	1993	kg	6099.3	3425			208.9		8209.8	282.1		198.9
34	New Jersey	PARAQUAT	1994	kg	17125.7	906.9			7806.3		3356.5	96.3	96.2	288.4
34	New Jersey	PARAQUAT	1995	kg	6569.4	1757.6			841.1		1432.8	499.9	9.6	
34	New Jersey	PARAQUAT	1996	kg	3117.7	2883.8	65.3		2208.7		7909.5	323.9	9.8	427.4
34	New Jersey	PARAQUAT	1997	kg	1164.4	7257.8			2207.8		2365.8	1621	10	
34	New Jersey	PARAQUAT	1998	kg	2766.7	1564.5			1212.9		1331.8	107.3		
34	New Jersey	PARAQUAT	1999	kg	566.5	2335.6			4257.2		1568.1	274		
34	New Jersey	PARAQUAT	2000	kg	546.9	327.2			2509		2372.3	61.5		
34	New Jersey	PARAQUAT	2001	kg	2607.5	141.6			1415.6		1859.8	36.1		
34	New Jersey	PARAQUAT	2002	kg	2114.9	7587.3			1432.6		2068.3	407.5		
34	New Jersey	PARAQUAT	2003	kg	3364.6	7683.6	87.1		1412.5		4314.7			13.1
34	New Jersey	PARAQUAT	2004	kg	1735.2	2495.7			343.2		3890.1	1518.8	64.7	
34	New Jersey	PARAQUAT	2005	kg	1295.5				494.1		2712.7	46.4		
34	New Jersey	PARAQUAT	2006	kg	1256.6	1308.3			1030.5		2885.4	295.7		
34	New Jersey	PARAQUAT	2007	kg	7614.1	577.8			805.5		2149.7			
34	New Jersey	PARAQUAT	2008	kg	787.6	976.1			88.2		527.7			
34	New Jersey	PARAQUAT	2009	kg	1245.5	3159			1070.6		2972.9			8
34	New Jersey	PARAQUAT	2010	kg	7601.1	4820.6			153.8		5393.2	19.3		
34	New Jersey	PARAQUAT	2011	kg	2138.2	1453.5			16.3		829.7	57.2		20.4
34	New Jersey	PARAQUAT	2012	kg	5284.3	3454			342.3		1414.5	112.3		10.5
34	New Jersey	PARAQUAT	2013	kg	1033.9	436.1			793		391.1			
34	New Jersey	PARAQUAT	2014	kg	3489.2	2714.3			364		515.7			
34	New Jersey	PARAQUAT	2015	kg	2774.9	327.9			606.4		706.3			
34	New Jersey	PARAQUAT	2016	kg	2005.2				226		730.5			44.7
34	New Jersey	PARAQUAT	2017	kg	935.1	7402.3					704.4	32.7		
35	New Mexico	PARAQUAT	1992	kg	87.8		52.7	24.3	1839.9		325.3	1439.1	1445.8	248.3
35	New Mexico	PARAQUAT	1993	kg	3905.4		832.1	38.4	306.1		663.4	1326	252.6	2
35	New Mexico	PARAQUAT	1994	kg	198		2092.8	736.2	733.2		233.2	1313.3	2816.8	
35	New Mexico	PARAQUAT	1995	kg	522.9			1330.1	45.2		387.7	519.4	2224.7	3247.9
35	New Mexico	PARAQUAT	1996	kg	252.9		132.7	1202.9	3046.2		444.7	1106.6	798.4	49
35	New Mexico	PARAQUAT	1997	kg	61.2		238.4	401.4	1325.2		207.2	843	627.3	360.3
35	New Mexico	PARAQUAT	1998	kg	422.5		614.8	1397.9	556.1		3092.9	2452.2		
35	New Mexico	PARAQUAT	1999	kg	145.4			4017	469.8		530.5	6917.7	781.4	1870.9
35	New Mexico	PARAQUAT	2000	kg	190.1		1101.7	863.9	173.8		2999.6	2853.4	1203.2	435
35	New Mexico	PARAQUAT	2001	kg	441.7			684.4	704		521	1587.3	153.4	1884.4
35	New Mexico	PARAQUAT	2002	kg	1923.9			1149.8	1416.3		54.5	1200.5	5922.1	97.8
35	New Mexico	PARAQUAT	2003	kg	1778.1			942.6	405		2260.1	1529.4		336.4
35	New Mexico	PARAQUAT	2004	kg				3578.7	3825.4		359.2	342.2	278.5	
35	New Mexico	PARAQUAT	2005	kg	121.6		3922.2	2099.2	572.1		1489	961.8		418.6
35	New Mexico	PARAQUAT	2006	kg	72.7			1297.9	2.7		5386.4	1191.3	425.8	5259.6
35	New Mexico	PARAQUAT	2007	kg				3089.2	1833.7		146.8	3119.5		418.2
35	New Mexico	PARAQUAT	2008	kg	6713.5			500.7	1599.7		18.1	3130.6	469	185.1
35	New Mexico	PARAQUAT	2009	kg				839	2.9		5.7	1120.2	579.7	169.9
35	New Mexico	PARAQUAT	2010	kg				2377.5	34.9		1604.1	3392.1		67.6
35	New Mexico	PARAQUAT	2011	kg				777	618.4		308	453.9	741	333.1
35	New Mexico	PARAQUAT	2012	kg	150.3			701.7	6		4.7		783.1	196.5
35	New Mexico	PARAQUAT	2013	kg	584.7		260.4	912.6			97	783.2	725.9	82.4
35	New Mexico	PARAQUAT	2014	kg			728.9	906.3	0.7		516.3	689	426.5	302
35	New Mexico	PARAQUAT	2015	kg	2269.9		1119	1959.2	1595.4		1865.6	1881.5	6545.8	377.9
35	New Mexico	PARAQUAT	2016	kg	768.8		874.2	1244.7	511.1		3269.1	279.5	7967.5	3086.3
35	New Mexico	PARAQUAT	2017	kg	823.4		10699.1	2584.9			2145	1897.4	6517.4	1504.7
36	New York	PARAQUAT	1992	kg	36608.9	1484.7			10439.3		19088.6	2168.3	4801.3	
36	New York	PARAQUAT	1993	kg	12440.3	1568.5			5024.3		19257.5	1839.5	107.6	
36	New York	PARAQUAT	1994	kg	33620.6	1333.4	82.2		2710.6		13553.6	3183.3	173.6	
36	New York	PARAQUAT	1995	kg	2039	1547.7			3126.5		20793.5	3728.7	3576.5	
36	New York	PARAQUAT	1996	kg	7913.6	3808.3	247.3		2325.6		22822.7	4212.1	584.4	
36	New York	PARAQUAT	1997	kg	3031.9	794.6			8438.1		16273.9	16929.8	259.9	
36	New York	PARAQUAT	1998	kg	22642.7	2960.5			9511.6		13441.9	1688.1		
36	New York	PARAQUAT	1999	kg	17795.8	4078.7			10623.6		11073.4			
36	New York	PARAQUAT	2000	kg	11008.6	1100.2			1376.1		12916.2			
36	New York	PARAQUAT	2001	kg	18255.1	2356.1			5969.3		11812.6	688.3		
36	New York	PARAQUAT	2002	kg	17742.3	943.6			4798.7		9676.1	8977.1		
36	New York	PARAQUAT	2003	kg	38983.5	2617.9			5569.1		8906.7			
36	New York	PARAQUAT	2004	kg	52824.6	1546.8			1068.4		20849.8	17345.1		
36	New York	PARAQUAT	2005	kg	16752.4				1500.6		17714.6	1491.4		
36	New York	PARAQUAT	2006	kg	37107.8	2168.6			4605.5		12259.8			
36	New York	PARAQUAT	2007	kg	84656.2				3206.1		7064.4			
36	New York	PARAQUAT	2008	kg	12785.8	2894			1661		9750.9			
36	New York	PARAQUAT	2009	kg	47475	29807.5			4341.9		6039.9			
36	New York	PARAQUAT	2010	kg	157652.3	770.8			2766.2		11925.5	813.1		
36	New York	PARAQUAT	2011	kg	24390.5	118.2			3301.1		7200.1			
36	New York	PARAQUAT	2012	kg	48281.1	17632.8			6729.2		14474.3			
36	New York	PARAQUAT	2013	kg	31417.9	3126.8			4569.3		25660.1			
36	New York	PARAQUAT	2014	kg	30970.4	1414.6			1193.6		15488.2			
36	New York	PARAQUAT	2015	kg	29399.6	999.9			1353.1		9883.5			
36	New York	PARAQUAT	2016	kg	49724.8				1121		9498			
36	New York	PARAQUAT	2017	kg	22207.2	20040.4			658.6		7797.9			
37	North Carolina	PARAQUAT	1992	kg	4630.1	15843.5		10349.8	3575.4		4541.3	168.5	2024.3	6379.1
37	North Carolina	PARAQUAT	1993	kg	33741.5	17297.6		1028.5	1817.8		2570.8	718.9	2936.3	7199.9
37	North Carolina	PARAQUAT	1994	kg	26966.4	10824.3		8671.4	5500.2		4001.9	746.3	2520.2	7699.8
37	North Carolina	PARAQUAT	1995	kg	42966.5	15304	2945.8	10366.1	6139.2		6758.2	172	3502.8	3926.8
37	North Carolina	PARAQUAT	1996	kg	36730.5	32840.3	4340.8	11729.9	7401.2		10034.1	27.3	699.2	4823.4
37	North Carolina	PARAQUAT	1997	kg	32826.1	27698.7	3832.7	12284.7	6766.4		4354	1391.5	498.7	9017.7
37	North Carolina	PARAQUAT	1998	kg	38838.8	25964.9	3679.7	17499.6	1662.3		2824.9	152.5		5296.9
37	North Carolina	PARAQUAT	1999	kg	26380.1	26245.8	4474.4	23444.8	1464.7		1601.7	400.4	3428.5	1291.3
37	North Carolina	PARAQUAT	2000	kg	57449.5	22999	9214.8	12934.3	4912		1975	405	291.3	5928.7
37	North Carolina	PARAQUAT	2001	kg	39397.5	12753.1	11650.7	28902.2	2808.7		2951.4	59.5		6207.1
37	North Carolina	PARAQUAT	2002	kg	21478.5	13958.6	8211.4	21985	3041.3		3144.8	130.5		4451.2
37	North Carolina	PARAQUAT	2003	kg	33179.6	44040	22720.9	18654.1	4289.2		1073.8		7176.5	4364.9
37	North Carolina	PARAQUAT	2004	kg	49398.1	10243.5	1315.1	9406.7	4682.3		2827.9	790		2332
37	North Carolina	PARAQUAT	2005	kg	19738.7	3155	2520.2	5930.6	8132.7		1440.7		1206.8	2383
37	North Carolina	PARAQUAT	2006	kg	37674.8	29038.8	1637.5	10773.6	774.9		2413.3	48.6	324.1	1984.2
37	North Carolina	PARAQUAT	2007	kg	221148.4	67844.5	16400.7	5258.4	2310		1636.1	197.8		3538.9
37	North Carolina	PARAQUAT	2008	kg	28966.9	17976.7	78963.1	9633.6	1701.1		2566.2		895.1	4006.6
37	North Carolina	PARAQUAT	2009	kg	167789.5	90876.7	7925.7	13998.6	1254		2397.2			3067
37	North Carolina	PARAQUAT	2010	kg	73209.9	49376.1	4657.8	40510.2	678.3		2279.6			10960.9
37	North Carolina	PARAQUAT	2011	kg	32165	82869.4	57156.9	82103.7	1330.4		1538		4492.4	3586.3
37	North Carolina	PARAQUAT	2012	kg	34020.1	60789.7	57384.4	80952.9	555.3		2241.2			5593.8
37	North Carolina	PARAQUAT	2013	kg	78795.1	47305.3	25097.2	41487.2	1685.7		1941.4			2954.6
37	North Carolina	PARAQUAT	2014	kg	36076.5	110778.2	22888.3	50856.8	760.9		977.1		30025.1	12555.1
37	North Carolina	PARAQUAT	2015	kg	101837.6	319799.1	63045.4	45137.8	3359.2		1131.8		20833.4	9964.9
37	North Carolina	PARAQUAT	2016	kg	87599.5	180226.6	7313.7	33542.4	5522.2		1006.6	339.8		6222.1
37	North Carolina	PARAQUAT	2017	kg	47626.6	176095.7	22642.9	31046.3	4186.9		1377.5		1405.9	7643.9
38	North Dakota	PARAQUAT	1992	kg	16778.9				4117.8				7712.1	
38	North Dakota	PARAQUAT	1993	kg	1749.2		5535						17.5	3252.5
38	North Dakota	PARAQUAT	1994	kg	1946.6				13385.2					
38	North Dakota	PARAQUAT	1995	kg	1466.3				2395.1				202.4	18364.2
38	North Dakota	PARAQUAT	1996	kg	1434.4				2076.7				123.4	
38	North Dakota	PARAQUAT	1997	kg	763.6		1992.5		22928			2380.2	703.2	
38	North Dakota	PARAQUAT	1998	kg					3397.6					23007.4
38	North Dakota	PARAQUAT	1999	kg	1284	2589.3	6090.9		4190.1					829.6
38	North Dakota	PARAQUAT	2000	kg	3893.2				10970.6					193298.8
38	North Dakota	PARAQUAT	2001	kg			7570.9		30004.3					
38	North Dakota	PARAQUAT	2002	kg			183.3		30923.3				4235.3	
38	North Dakota	PARAQUAT	2003	kg	1822.2				15423.1					3644.3
38	North Dakota	PARAQUAT	2004	kg					3553.8				8817	4474.6
38	North Dakota	PARAQUAT	2005	kg					9674.7					
38	North Dakota	PARAQUAT	2006	kg					17735.6					15466.8
38	North Dakota	PARAQUAT	2007	kg			3260.5		4577.1					
38	North Dakota	PARAQUAT	2008	kg			3253.6		11181.9					15178.3
38	North Dakota	PARAQUAT	2009	kg			19211		6979.8				4651.7	2128.7
38	North Dakota	PARAQUAT	2010	kg			8303		18103.3					3514.7
38	North Dakota	PARAQUAT	2011	kg					13476.1					
38	North Dakota	PARAQUAT	2012	kg					9333.4				1153.6	
38	North Dakota	PARAQUAT	2013	kg			32542.9		12899.1					2838.6
38	North Dakota	PARAQUAT	2014	kg		29811.2	83531.1		15950.4					37596.3
38	North Dakota	PARAQUAT	2015	kg		42910.6	3761.1		8482.1				1292.5	5070.5
38	North Dakota	PARAQUAT	2016	kg			52106		10280.4				2577.8	9204.6
38	North Dakota	PARAQUAT	2017	kg		16570.1			13069.5				6490.9	
39	Ohio	PARAQUAT	1992	kg	59835.9	25715.2			460.2		5767.6	3288.6	891.3	690.9
39	Ohio	PARAQUAT	1993	kg	32888.4	16605.3	2056		286.7		2565.8	3847.8	624.4	66.2
39	Ohio	PARAQUAT	1994	kg	35161.9	20050.3			3236.1		4512.3	1105	479.3	633.7
39	Ohio	PARAQUAT	1995	kg	77281.8	29536.5			1302		3271	5604.6	23.9	1765.4
39	Ohio	PARAQUAT	1996	kg	36784.5	69815	3601.7		1644.9		2197.7	966	421.4	9346.4
39	Ohio	PARAQUAT	1997	kg	15838.1	16901.7			6918.8		4374.9	4237.8	299.4	888.8
39	Ohio	PARAQUAT	1998	kg	25161.2	12044.9			2070.8		1681.8	787.1		
39	Ohio	PARAQUAT	1999	kg	31671.5	46295.1			625.7		2838	3545.9		5.7
39	Ohio	PARAQUAT	2000	kg	25308	44554.5			988.5		1262.9	477.9		31.4
39	Ohio	PARAQUAT	2001	kg	77101.5	42914.7	1511.5		546.4		1615.4	2085.7		
39	Ohio	PARAQUAT	2002	kg	46495.2	9535.9			228.4		2273.4	9627.6		152.5
39	Ohio	PARAQUAT	2003	kg	27118	41757.3			1508.8		1549.2	5246.8		6.8
39	Ohio	PARAQUAT	2004	kg	33282.2	29374.7	12.1		964.6		1406.8	9621.1		
39	Ohio	PARAQUAT	2005	kg	20504.2	33090.9			784.4		1762.5	7514.2		
39	Ohio	PARAQUAT	2006	kg	9513.7	17897.8			850.6		811.5			
39	Ohio	PARAQUAT	2007	kg	89274.6	15721.9			1075.2		484.4	1695.2		
39	Ohio	PARAQUAT	2008	kg	33258.2	13526	3364.7		465.6		718.2	845		
39	Ohio	PARAQUAT	2009	kg	30663.3	6094.6			1639.4		1524.7	3990.5		
39	Ohio	PARAQUAT	2010	kg	63057.5	10333	1297.9		147.3		1289.6			
39	Ohio	PARAQUAT	2011	kg	16723.9	12664.5			209.3		428.1			
39	Ohio	PARAQUAT	2012	kg	23836.9	44477.5	2097.6		85.9		458.4			
39	Ohio	PARAQUAT	2013	kg	75800.3	35739.9	37147.6		26.6		649.4	2274		33.1
39	Ohio	PARAQUAT	2014	kg	36773.7	14643	72061.9		152		754.9		1445	
39	Ohio	PARAQUAT	2015	kg	23556.1	12148.3			78.6		408.9	6.9	505.8	78.4
39	Ohio	PARAQUAT	2016	kg	15453.2	30958.9	284.9		83.1		616.7			21.9
39	Ohio	PARAQUAT	2017	kg	45471.3	68170.6	2560.2		440		910.3			
40	Oklahoma	PARAQUAT	1992	kg	1355	3716.2	511.6	490.2			2076	318.9	25352.8	2070.8
40	Oklahoma	PARAQUAT	1993	kg	230.7	1450.3	8273.3	810			2808.8	130.9	1094.1	43.2
40	Oklahoma	PARAQUAT	1994	kg	299.8	1076.5	24197.6	1258.5	0.2		4882.4	116.2	243.9	219.7
40	Oklahoma	PARAQUAT	1995	kg	1145.2	711.5		2014	26.5		1070.4	64.4	3225.4	7959.5
40	Oklahoma	PARAQUAT	1996	kg	4900.8	2072.5		1813.2	8.5		1840.7	502.6	775.7	9344.5
40	Oklahoma	PARAQUAT	1997	kg	1651.9	1618.1	2120.5	442.2	129.4		5381		1450.7	12995.1
40	Oklahoma	PARAQUAT	1998	kg	1883.9	1536.5	8033.9	3786.7	1.4		2938.9		17274.2	2194.4
40	Oklahoma	PARAQUAT	1999	kg	1369	899		13138.6			1563.6	168.5	9943.7	1681.5
40	Oklahoma	PARAQUAT	2000	kg	705.4	222.6	1815.9	6001.5	0.8		3989.2	223.3	4500.2	1564.9
40	Oklahoma	PARAQUAT	2001	kg	862.7	764.7		3171.3	0.5		1275.7		31273.1	3903.9
40	Oklahoma	PARAQUAT	2002	kg	3829.8	638.7		8716.4	1.2		91.6		16278.9	488.8
40	Oklahoma	PARAQUAT	2003	kg		888.8		3523.9			841.7		294.6	1585
40	Oklahoma	PARAQUAT	2004	kg	434.8	3734.4		1475.1	8.4		381.7	66.9	5870.8	185.7
40	Oklahoma	PARAQUAT	2005	kg	481.2			1351.5	316.5		1351.4	81.5	26566.7	604.1
40	Oklahoma	PARAQUAT	2006	kg	1685.6			4608.1	16.2		16	484.3	43502.4	
40	Oklahoma	PARAQUAT	2007	kg				8201.5	25.7		5.3		30342.1	1076.3
40	Oklahoma	PARAQUAT	2008	kg	16036.3			362	11.1		0.8		1885.1	7.4
40	Oklahoma	PARAQUAT	2009	kg		696.3	5397.3	1808.5	0.4				8022.4	7758.8
40	Oklahoma	PARAQUAT	2010	kg	521	1682.7	232.3	1726.9			7.9	401.1	5740.5	
40	Oklahoma	PARAQUAT	2011	kg	481.1	3362.4		4029.4	7.7		219.4		24371.9	1465.1
40	Oklahoma	PARAQUAT	2012	kg	1270.1	686.2		1905.2			64.5		2875.8	718.5
40	Oklahoma	PARAQUAT	2013	kg	2126.6	1017.9	12024.8	6326.6	3.2		438.7	79.1	5075.5	802.4
40	Oklahoma	PARAQUAT	2014	kg	5107.3	4461.6	18265.7	2891.8			1531.7		7521.4	4662.7
40	Oklahoma	PARAQUAT	2015	kg	52955.9	12664.5	24881.7	10602.5					21811.9	14839.9
40	Oklahoma	PARAQUAT	2016	kg	8655.2	9297.2	50249.4	47974.3			42	463	29212.9	22904.8
40	Oklahoma	PARAQUAT	2017	kg	5650.9	15839.7	92973	6729.5			946.5		48884.5	62613.1
41	Oregon	PARAQUAT	1992	kg	151.5				4576.6		15960	3794.3	602.3	93.5
41	Oregon	PARAQUAT	1993	kg					3671.5		27721	260.8	4875.3	48.7
41	Oregon	PARAQUAT	1994	kg			5597.7		7037.9		16366.7	8343.3	1029.8	2124.1
41	Oregon	PARAQUAT	1995	kg	247.8		3606.6		432.7		10914.6	20370	4040.2	174.9
41	Oregon	PARAQUAT	1996	kg			791.4		5592.4		10631.5	2119.2	3175.2	
41	Oregon	PARAQUAT	1997	kg					6564.1		13374.7	1694	6360.9	
41	Oregon	PARAQUAT	1998	kg			5111.7		2610.7		10042.6	6945.2		1096.5
41	Oregon	PARAQUAT	1999	kg			11542		1653.8		17864	7113.7		
41	Oregon	PARAQUAT	2000	kg			3515		3767.4		15882.4	17625.8		157
41	Oregon	PARAQUAT	2001	kg					2323.3		12152.5	9894.7		
41	Oregon	PARAQUAT	2002	kg					2721.2		15767.6	8838.6		
41	Oregon	PARAQUAT	2003	kg	5861.6		7374.4		2198.1		19679.1	8405.6		
41	Oregon	PARAQUAT	2004	kg					2676.6		21887	12849.7		2.8
41	Oregon	PARAQUAT	2005	kg					8497.3		19672.2	12824	19975.7	
41	Oregon	PARAQUAT	2006	kg			1152.1		5900.2		15004.8	8090.2		
41	Oregon	PARAQUAT	2007	kg					16764.1		18796.7	7419.7	159.2	
41	Oregon	PARAQUAT	2008	kg			1390.3		6337.7		13903.2	23202.2		
41	Oregon	PARAQUAT	2009	kg					4334.5		9005.3	11659.1	2428.2	
41	Oregon	PARAQUAT	2010	kg			633.9		5143.1		14112.1	27938.1	2715	
41	Oregon	PARAQUAT	2011	kg			771.4		7704.7		10728.9	3774.5		
41	Oregon	PARAQUAT	2012	kg					3944.7		7960.5	6759.8	1722.2	
41	Oregon	PARAQUAT	2013	kg					3737.3		15959.7	5587	24931.8	60.7
41	Oregon	PARAQUAT	2014	kg					4878.5		12445.5	4482.9	1357.3	
41	Oregon	PARAQUAT	2015	kg					6008		11652	8911.2	18492.4	
41	Oregon	PARAQUAT	2016	kg			3823.1		2619.3		9697.4	5138.2	9850.6	
41	Oregon	PARAQUAT	2017	kg					4547.9		12802.1	13449.7	75138.2	
42	Pennsylvania	PARAQUAT	1992	kg	29077.9	9153.3	3430		8277.4		22312.7	5895.6	3197.6	1508
42	Pennsylvania	PARAQUAT	1993	kg	35099.4	7287.8			1645.6		24588.9	8353.2	151.3	3264.8
42	Pennsylvania	PARAQUAT	1994	kg	30885.4	10047.2			1712.8		35320.5	3000	609.8	3171.1
42	Pennsylvania	PARAQUAT	1995	kg	24824.6	9378			3884.6		15615.5	12665.4	402.8	2477.2
42	Pennsylvania	PARAQUAT	1996	kg	25905.2	3333	284.9		1700.9		20868.1	4725.1	547.9	8893
42	Pennsylvania	PARAQUAT	1997	kg	17340.6	4357.7	21.2		4069.6		13507.8	13143.1	159.4	144.4
42	Pennsylvania	PARAQUAT	1998	kg	37044.1	11703	524.6		2062.4		12380.8	2327.7		
42	Pennsylvania	PARAQUAT	1999	kg	21663	12627.9			4769.9		12409.2	6703.8		
42	Pennsylvania	PARAQUAT	2000	kg	25323.1	6581.2	242.2		2821		14668.7	731.8		4171.8
42	Pennsylvania	PARAQUAT	2001	kg	20672.6	7921			2081.7		12673.3	3203.3		16.9
42	Pennsylvania	PARAQUAT	2002	kg	18956.8	2147.5			5065.2		19098.5	8824.8		155.5
42	Pennsylvania	PARAQUAT	2003	kg	75815.1	13538.5	554		3298.7		10726.2	22264.7		172.4
42	Pennsylvania	PARAQUAT	2004	kg	13927.2	2075.1	54		681.4		12891.8	11754.6	57.4	3445.4
42	Pennsylvania	PARAQUAT	2005	kg	33513.7	3272.6			541.2		13066.6	2213.7		
42	Pennsylvania	PARAQUAT	2006	kg	33181.9	5046.2			1381.2		9681.5	3017.7		
42	Pennsylvania	PARAQUAT	2007	kg	90557.5	3183.3			1053		7466.2	563.3		
42	Pennsylvania	PARAQUAT	2008	kg	19823.9	5294.4			778.8		6247	475.5		
42	Pennsylvania	PARAQUAT	2009	kg	37302.6	31482.6			4157.2		6387.3			190.6
42	Pennsylvania	PARAQUAT	2010	kg	37722.8	24355.4			903.7		11245.4	1330.1		55.9
42	Pennsylvania	PARAQUAT	2011	kg	38857.9	5138.1			840.6		5623.2	632.7		667.7
42	Pennsylvania	PARAQUAT	2012	kg	52877.3	44764.3			1255.6		9315.3	1852.1		351.7
42	Pennsylvania	PARAQUAT	2013	kg	38242.9	12581.4			2599.8		12940.4	583.8		
42	Pennsylvania	PARAQUAT	2014	kg	57416.9	18163			3232.7		6639		313.7	
42	Pennsylvania	PARAQUAT	2015	kg	33932.5	5343.1			2277.6		6982			
42	Pennsylvania	PARAQUAT	2016	kg	37934.2	22477.7			521.2		6022.7			1464.2
42	Pennsylvania	PARAQUAT	2017	kg	24107.6	31044.5					6569.8	607.8		577.5
44	Rhode Island	PARAQUAT	1992	kg	31.7				200		15.4			
44	Rhode Island	PARAQUAT	1993	kg	10.1				6.6		92.3		1.2	
44	Rhode Island	PARAQUAT	1994	kg	8.7				31.6		197.4			
44	Rhode Island	PARAQUAT	1995	kg	6.6				79.6		67.8			
44	Rhode Island	PARAQUAT	1996	kg	30.4				94		11.8			
44	Rhode Island	PARAQUAT	1997	kg	20.3				206.1		53.6			
44	Rhode Island	PARAQUAT	1998	kg	17.8				180.6		53.4			
44	Rhode Island	PARAQUAT	1999	kg	47.3				288		25.1			
44	Rhode Island	PARAQUAT	2000	kg	31.8				67		21			
44	Rhode Island	PARAQUAT	2001	kg	46.9				165.9		18.9			
44	Rhode Island	PARAQUAT	2002	kg	40.3				178.1		51.3			
44	Rhode Island	PARAQUAT	2003	kg	108.6				182.7		44.5			
44	Rhode Island	PARAQUAT	2004	kg	31.4				26.3		32.5			
44	Rhode Island	PARAQUAT	2005	kg	36				41.4		72.2			
44	Rhode Island	PARAQUAT	2006	kg	56				70		54			
44	Rhode Island	PARAQUAT	2007	kg	138.3				47.2		49.1			
44	Rhode Island	PARAQUAT	2008	kg	19.1				16.7		41.3			
44	Rhode Island	PARAQUAT	2009	kg	60.8				90.5		47.1			
44	Rhode Island	PARAQUAT	2010	kg	54.8				71.2		83.4			
44	Rhode Island	PARAQUAT	2011	kg	33.2				2.5		29.4			
44	Rhode Island	PARAQUAT	2012	kg	59.3				70.6		50.3			
44	Rhode Island	PARAQUAT	2013	kg	39.5				59.3		43.3			
44	Rhode Island	PARAQUAT	2014	kg	54.5				9.3		44			
44	Rhode Island	PARAQUAT	2015	kg	41.2				56.4		43.5			
44	Rhode Island	PARAQUAT	2016	kg	64.1				25.7		26.8			
44	Rhode Island	PARAQUAT	2017	kg	25.9				18.4		44.2			
45	South Carolina	PARAQUAT	1992	kg	1114.2	15924.6		8421.8	4810.2		33417.6		819.7	2217.4
45	South Carolina	PARAQUAT	1993	kg	5930.7	10066		53.9	3474		12379.1		229.3	1013.1
45	South Carolina	PARAQUAT	1994	kg	10435.6	8090.3		4758.6	10512.9		6748.8		432.5	1461.9
45	South Carolina	PARAQUAT	1995	kg	2632.1	9923.6	3435.4	295.9	6122.1		4961.6		112.5	1113.9
45	South Carolina	PARAQUAT	1996	kg	4630.1	3450.1	1720.4	10856.4	1408.9		2026.5		451.2	1300
45	South Carolina	PARAQUAT	1997	kg	3919.3	3824.6	1350.6	3711.9	1643.5		5405		178.5	995.5
45	South Carolina	PARAQUAT	1998	kg	2609.3	22152.3	1369.8	5001.5	1176.5		3974.9			1083
45	South Carolina	PARAQUAT	1999	kg	2508.3	15873.9	2102.1	3466.9	141.3		5992.9		3125.5	384.5
45	South Carolina	PARAQUAT	2000	kg	3030.9	2641.8	2721.1	6225.1	810.8		9151.9		715.4	608.9
45	South Carolina	PARAQUAT	2001	kg	3371.1	2671.6	5208.1	5145.1	1247.7		4444.3			3905.6
45	South Carolina	PARAQUAT	2002	kg	1209.2	2342.8	3053	1079.8	515.8		7892.7			754.2
45	South Carolina	PARAQUAT	2003	kg	1780.6	16932	4846.9	1864.4	463.8		4109.6			974.2
45	South Carolina	PARAQUAT	2004	kg	47557.1	1070	799.5	1674.5	547.6		7625.9			3085.6
45	South Carolina	PARAQUAT	2005	kg	5446.1	4994.2	2385.4	1483.1	991.4		1613.9		2523.6	240.3
45	South Carolina	PARAQUAT	2006	kg	10939.8	7037.4	442.4	5650.1	939.4		1566.3		649.4	669.8
45	South Carolina	PARAQUAT	2007	kg	45132.3	12758.3	1001.1	3498.7	1407.8		9961.6			1126.8
45	South Carolina	PARAQUAT	2008	kg	19354	2272	29289.8	6587.6	977		2015.7		14146.1	1049.2
45	South Carolina	PARAQUAT	2009	kg	3590.6	1224.6	1750.2	1658.7	974.4		8086.4			1244.7
45	South Carolina	PARAQUAT	2010	kg	6192.9	12551.6	942.4	9686	376.2		6867.5			4628.9
45	South Carolina	PARAQUAT	2011	kg	1919.7	13076.5	9284.4	19268.4	971.2		4025.4		3424.9	3993.9
45	South Carolina	PARAQUAT	2012	kg	2817.4	28966.8	8383.6	11133.8	1017.3		7324.3			5225.9
45	South Carolina	PARAQUAT	2013	kg	8706.8	22264.9	4893.5	13962.2	2063.5		10977			4176.2
45	South Carolina	PARAQUAT	2014	kg	19937.8	26718.9	9375.9	14489.5	53.2		7068.7		18073.9	8804.3
45	South Carolina	PARAQUAT	2015	kg	33709	78987.9	22736.5	18281.6	2044.9		8907.3		12185.9	12631.3
45	South Carolina	PARAQUAT	2016	kg	17904	43518.3	1831.8	11654	1183.7		9061.7			4153.1
45	South Carolina	PARAQUAT	2017	kg	24819	50520.1	5106.1	34650.1	782		15026.7			8205.5
46	South Dakota	PARAQUAT	1992	kg	35491.2	5514	5.5		169.9			4036.1	400.7	6293.3
46	South Dakota	PARAQUAT	1993	kg	2413.2	1636.3	4442.6		72.5			3184.6	4821	791.7
46	South Dakota	PARAQUAT	1994	kg	9871.9	13744	12778.5		0.5				73.5	1213.8
46	South Dakota	PARAQUAT	1995	kg	6055.6	9371.2			90.7			7578.9		3012.9
46	South Dakota	PARAQUAT	1996	kg	8500.9	1665.9	1307.6		137.7			1419.5	87.3	1882.9
46	South Dakota	PARAQUAT	1997	kg	3378.2	3419.4			161.8			4116.4		1033.4
46	South Dakota	PARAQUAT	1998	kg	13120.8	3121.2			104.7					
46	South Dakota	PARAQUAT	1999	kg	7611.6	6010								103.7
46	South Dakota	PARAQUAT	2000	kg	18000.1	5514.8			469.3				149.6	97590
46	South Dakota	PARAQUAT	2001	kg	13767	22055.1			3612.1				853.9	5766.1
46	South Dakota	PARAQUAT	2002	kg	19361.3	6000.6	32.3		263.8			18022	458.4	395.3
46	South Dakota	PARAQUAT	2003	kg	15579.7	6531.7			308.8			13254.6	31641.5	79.8
46	South Dakota	PARAQUAT	2004	kg	16989.2	9645.7			213.3			6138	1328.9	1444.9
46	South Dakota	PARAQUAT	2005	kg	7373.7	27656.8			120.3					
46	South Dakota	PARAQUAT	2006	kg	5844.1	6878.4			35.6				43.6	
46	South Dakota	PARAQUAT	2007	kg	17773.8	6329.6			83.4			2634.2	13104.5	
46	South Dakota	PARAQUAT	2008	kg	9893	15353.5			478.4				501.2	2085.9
46	South Dakota	PARAQUAT	2009	kg	21371.7	3522.7	1955.6		412.3				365.3	
46	South Dakota	PARAQUAT	2010	kg	23002.7	9110.2	1505.3		79					
46	South Dakota	PARAQUAT	2011	kg	5008.8	7171.1			251.6					
46	South Dakota	PARAQUAT	2012	kg	27102.9	12246.1	1136.7		117.5				142.1	
46	South Dakota	PARAQUAT	2013	kg	14967.3	10630.1	11588.7		313.6					
46	South Dakota	PARAQUAT	2014	kg	23484.6	6862.4	1898.2		516				1919.5	20040.8
46	South Dakota	PARAQUAT	2015	kg	19898.8	14434.9	7861		355.7				453.4	1292.3
46	South Dakota	PARAQUAT	2016	kg	18946.9	19386.6	6230.1		509.3				926	16076
46	South Dakota	PARAQUAT	2017	kg	9337.5	65521.5	713.2		590.4				3968.7	
47	Tennessee	PARAQUAT	1992	kg	29867.3	5929.5	302.4	7224.7	486.5		1272.8	412.5	3285.9	240.5
47	Tennessee	PARAQUAT	1993	kg	28269	26996		4934.1	1213.5		799.3	684	2353.1	4425.1
47	Tennessee	PARAQUAT	1994	kg	25574.1	19868.3	2026.2	12987	173		1031.4	964.9	1415.3	897.1
47	Tennessee	PARAQUAT	1995	kg	49609.6	69299.7		23412.9	486.8	1.2	533.2	317.3	5260	1504.6
47	Tennessee	PARAQUAT	1996	kg	57118.2	13828.8	3466.4	15212.8	1124.8		1505.4	224.7	1606.7	4565.9
47	Tennessee	PARAQUAT	1997	kg	36071.1	4881.7		7912.2	5771.2	0.5	2456.5	573.1	28340.4	588.6
47	Tennessee	PARAQUAT	1998	kg	38220.5	12295.5		2798.5	77.9	0.8	621.6	279.8	1441	740.2
47	Tennessee	PARAQUAT	1999	kg	37531.2	17156.5		26606.9	168.5	1.2	692.6	433	22119.6	
47	Tennessee	PARAQUAT	2000	kg	56598.1	30009.1		22836.2	860.3	3.2	405.1			857.6
47	Tennessee	PARAQUAT	2001	kg	40904.4	11004.4		15949.7	597.4	0	1264.3	251.2	9.3	122.6
47	Tennessee	PARAQUAT	2002	kg	46474.6	9684.7		23058.1	118.8	2.1	636.6	458.5	4717.6	611.9
47	Tennessee	PARAQUAT	2003	kg	15735.5	13275.1	4204.2	31854.4	1208.8		476.1		186.3	1661.8
47	Tennessee	PARAQUAT	2004	kg	48775.8	9980.1	124.6	16924.4	203.9	13.2	871.1	1120.9	18250.4	310.6
47	Tennessee	PARAQUAT	2005	kg	36041.6	137909.5	2356.6	11433.6	93.7	2.2	508.9		11466.8	262.3
47	Tennessee	PARAQUAT	2006	kg	15037	28413.3		11195.9	190.5	5.9	271.6	241.7		37.2
47	Tennessee	PARAQUAT	2007	kg	57668.6	5986.4	13710.6	14719.3	176.3	0.8	284.1	66.9		14.7
47	Tennessee	PARAQUAT	2008	kg	36730.2	13469.4	92968.9	4139.8	3664.4	3.1	227.9			26.2
47	Tennessee	PARAQUAT	2009	kg	25317	8832.7	2130.3	12748.7	806	0.9	285.5			39.2
47	Tennessee	PARAQUAT	2010	kg	11695.1	13419	4291.1	35168.2	91	0.2	330			83.3
47	Tennessee	PARAQUAT	2011	kg	9581.1	122006.3		21146.6	202.3	0.9	119		188.4	581
47	Tennessee	PARAQUAT	2012	kg	26799.1	36932.3	10874.8	50751.1	651.5	1	300.1		1355.8	31.2
47	Tennessee	PARAQUAT	2013	kg	16866.4	10639.6	33069.3	16490.9	422.5		198			402.8
47	Tennessee	PARAQUAT	2014	kg	43020.4	37041.2	6658.3	30554	54.2	0.5	133.7		7971.4	721.9
47	Tennessee	PARAQUAT	2015	kg	66604.2	185830.3	1821.1	19735.9	336.8	3.4	178.2		3226.9	128.6
47	Tennessee	PARAQUAT	2016	kg	47954.8	70558.7	47856	42973.8	198.7	1.2	212.4		4159	166.8
47	Tennessee	PARAQUAT	2017	kg	32186.2	173216.6	14946.6	52544	167.6	20.8	165.6		6977.9	121.8
48	Texas	PARAQUAT	1992	kg	59821.3	1059.3	743.8	9312.2	1154.8		926.5	449.9	3809.8	10986.1
48	Texas	PARAQUAT	1993	kg	2894.2	1038.7	11728.5	32732.7	384.9	1513.5	1138.3		5699.5	1127.2
48	Texas	PARAQUAT	1994	kg	3965.1	3383.5	27374.8	58205.1	2978.9		1339.2		12167.4	1245.1
48	Texas	PARAQUAT	1995	kg	30630.1	977.5		105855.3	2044.3	141.4	4812.8	33.8	5471.7	42254.8
48	Texas	PARAQUAT	1996	kg	7217.3	6122.8	2910.6	81942.8	1552.4		14003.4		4987.9	2993.3
48	Texas	PARAQUAT	1997	kg	1634.8	9117.6	3107.4	93359.6	1669.3	767.3	23493	132.1	4140.5	5216.7
48	Texas	PARAQUAT	1998	kg	10742.8	1469.9	9521.2	215079.2	1859		16431.4	452.8	22685.6	4753.1
48	Texas	PARAQUAT	1999	kg	3129.3	1950.5		282541.3	1701.6	1014.4	11289.2		7872.4	25792.4
48	Texas	PARAQUAT	2000	kg	5763.2	423.8	10969.7	233211.3	1231.1	62.1	9043.7		31075.1	12597.9
48	Texas	PARAQUAT	2001	kg	12860.6	673.5		232997	4395.8		7364.6	94.7	248692.8	18438.6
48	Texas	PARAQUAT	2002	kg	19764.2	105.7		284986.9	2085.9	2121.6	919.4	67.3	69967.4	3222.2
48	Texas	PARAQUAT	2003	kg				235803.2	579		7245.5			13236.4
48	Texas	PARAQUAT	2004	kg				181091.1	4807.1	56.9	6212.9	5989.7	20284.5	0
48	Texas	PARAQUAT	2005	kg	2782.8		40481.1	207063.7	286.1		4124.9			4410.9
48	Texas	PARAQUAT	2006	kg	1420.9			128625.5	227.8		7327.7	644.5	4971.8	42613.2
48	Texas	PARAQUAT	2007	kg				290833.9	2629.6		1067.6	1423.1	24941.5	6905.7
48	Texas	PARAQUAT	2008	kg	191861.6			146136.5	2411.7		57.2		5210.3	5832.4
48	Texas	PARAQUAT	2009	kg			4227.1	236095.2	385.9	253.8	87.4		37431.1	44286.1
48	Texas	PARAQUAT	2010	kg				496298.6	326.1		3084.9			1164.2
48	Texas	PARAQUAT	2011	kg	2273.1	499.7		182691	1135.4		755.2		8711.6	4820.4
48	Texas	PARAQUAT	2012	kg	5490.2	3486		304232.6			428.2		6333.8	5975.3
48	Texas	PARAQUAT	2013	kg	12755.1	732.4	5508.3	287743.1	156.9		246.8			9931
48	Texas	PARAQUAT	2014	kg	2079.7	5951.6	11946.2	273477.3			3870.5		3546.4	33991
48	Texas	PARAQUAT	2015	kg	112912.3	13977.9	8886.1	448689.3	3858.7		890.2		38248.9	20063.5
48	Texas	PARAQUAT	2016	kg	162838.7	19156.5	65303.1	528388.7	2550.2		2368		113843.2	73467.2
48	Texas	PARAQUAT	2017	kg	28908.2	8707.6	52240.8	594556			1452.8		39892.1	41062.5
49	Utah	PARAQUAT	1992	kg					72.1		259.7	1354.1	5584.8	
49	Utah	PARAQUAT	1993	kg	1493.2				96.6		596.8	3043.6	2872.1	
49	Utah	PARAQUAT	1994	kg			220.3		254.2		1626.6	5160	22944.2	
49	Utah	PARAQUAT	1995	kg			291.9		145.4		1682.8	11317.1	1939.7	167.5
49	Utah	PARAQUAT	1996	kg					155.7		716.1	8981.5	1448.3	
49	Utah	PARAQUAT	1997	kg					301.9		984.1	1506.1	3486.5	
49	Utah	PARAQUAT	1998	kg			627		1.1		553.9	5124.1		
49	Utah	PARAQUAT	1999	kg			2843.5		52.7		2152.5	23943.5		42.1
49	Utah	PARAQUAT	2000	kg					17.6		816.4	12991.2		
49	Utah	PARAQUAT	2001	kg					27.6		909.3	11065		2750.1
49	Utah	PARAQUAT	2002	kg					46.6		198.2	70106.3		
49	Utah	PARAQUAT	2003	kg	843.2				30.6		594.6	838.7		
49	Utah	PARAQUAT	2004	kg			14		0.7		417.6	1097.6		2.3
49	Utah	PARAQUAT	2005	kg					1		325.2	6827.9		
49	Utah	PARAQUAT	2006	kg								7739.6		
49	Utah	PARAQUAT	2007	kg					1.8		59	7094.5		
49	Utah	PARAQUAT	2008	kg							167.9	4600.4		
49	Utah	PARAQUAT	2009	kg					1.6		176.6	916	688.5	
49	Utah	PARAQUAT	2010	kg					26.8		411.3	20181.7		
49	Utah	PARAQUAT	2011	kg					42.3		420	2869		
49	Utah	PARAQUAT	2012	kg					6.9		245.6		449.9	
49	Utah	PARAQUAT	2013	kg					0.6		347.9	1492.4	520.6	62.4
49	Utah	PARAQUAT	2014	kg					2.5		692.2	5372.6	202.5	
49	Utah	PARAQUAT	2015	kg					4		207.4	8415	1339.8	
49	Utah	PARAQUAT	2016	kg							5.1	2057.1	1373.9	
49	Utah	PARAQUAT	2017	kg					2.8		420.7	12967.7	5846.4	
50	Vermont	PARAQUAT	1992	kg	3198.1	29			234.7		208.5	581.9	84.8	
50	Vermont	PARAQUAT	1993	kg	34.7	26.7			0.9		737.8	8.6		
50	Vermont	PARAQUAT	1994	kg	2950.6	19.7			107.9		489	341.1		
50	Vermont	PARAQUAT	1995	kg	585.1	20.5			19.9		99.3	1049.5	8.6	
50	Vermont	PARAQUAT	1996	kg	774.4	72			556		2381.4	397.5	21.4	
50	Vermont	PARAQUAT	1997	kg	638.8	15.5			148.4		424.2	1362.3	24.1	
50	Vermont	PARAQUAT	1998	kg	2294.1	29.1			127.9		255.1	139.9		
50	Vermont	PARAQUAT	1999	kg	1592.8	38.1			206.4		123.8			
50	Vermont	PARAQUAT	2000	kg	1117.3	10.2			52.7		90.7			
50	Vermont	PARAQUAT	2001	kg	1710.4	19.1			85.2		151.6	60.5		
50	Vermont	PARAQUAT	2002	kg	1548.3	9.2			85.2		391.9	677.1		
50	Vermont	PARAQUAT	2003	kg	4392.6	43			116		254.5			
50	Vermont	PARAQUAT	2004	kg	1346.2	14.3			17.9		146.8	1577.6		
50	Vermont	PARAQUAT	2005	kg	1642.5				35.3		811.4	132.3		
50	Vermont	PARAQUAT	2006	kg	2738.3	20			147.8		173.2			
50	Vermont	PARAQUAT	2007	kg	7297.8				40.9		679.9			
50	Vermont	PARAQUAT	2008	kg	1090.7	32.4			26		114			
50	Vermont	PARAQUAT	2009	kg	3576.5	352.1			118.5		297.5			
50	Vermont	PARAQUAT	2010	kg	3301	103.3			278.1		250.7	61.8		
50	Vermont	PARAQUAT	2011	kg	2052.1				413.1		133.1			
50	Vermont	PARAQUAT	2012	kg	3753.8	254.5			573.3		340.2			
50	Vermont	PARAQUAT	2013	kg	2559	77.8			150.7		328.6			
50	Vermont	PARAQUAT	2014	kg	3636	110.1			57.6		311.7			
50	Vermont	PARAQUAT	2015	kg	2825.7	16.4			118.1		162			
50	Vermont	PARAQUAT	2016	kg	4518.1				42.6		32.7			
50	Vermont	PARAQUAT	2017	kg	1883.6	375.6			107.8		439.5			
51	Virginia	PARAQUAT	1992	kg	31573.7	30914.3		77.1	2550.5		3244	207.7	5050.7	3696.5
51	Virginia	PARAQUAT	1993	kg	33168.3	13257	6694.5	51.4	1850.5		5922.1	5035.2	49729.4	4918.5
51	Virginia	PARAQUAT	1994	kg	33151	32658.9	593.4	847.7	1993.5		15838.6	4824.7	2267.4	2736.1
51	Virginia	PARAQUAT	1995	kg	23146	42289.2	2473.1	1858.1	2649.3		5501.4	1233.4	623.6	1832.2
51	Virginia	PARAQUAT	1996	kg	32657.8	17203.9	2643.5	2295.3	2230		3003.6	170.7	365.8	1232
51	Virginia	PARAQUAT	1997	kg	39306.6	24599.1	1451.9	3374.4	2794		2271.2	9574.2	645.7	3972.2
51	Virginia	PARAQUAT	1998	kg	26890	18193.9	665.5	1679.7	489.4		3607.2	406		914.9
51	Virginia	PARAQUAT	1999	kg	47919.3	7358.8	2752.5	232.3	131		2518.9	2974	6227	70.1
51	Virginia	PARAQUAT	2000	kg	36082.6	6659.1	2723.3	2595.6	2146.8		2053.7	2198.4		1506.7
51	Virginia	PARAQUAT	2001	kg	29506.7	12975	1549.7	1328.6	695.6		2406.1	676.8		2292.4
51	Virginia	PARAQUAT	2002	kg	21400.4	8661.6		3121	370.6		5391.1	2081.3		3035.3
51	Virginia	PARAQUAT	2003	kg	46934.4	23370.1	3745.2	569.4	548.4		9285.8	853	2948.1	2223.5
51	Virginia	PARAQUAT	2004	kg	45315.1	5979.5	290.9	940.9	1213.2		1668.8	5225.1		200.9
51	Virginia	PARAQUAT	2005	kg	17121.4	24983.5	2794.5	1078.5	512.4		3211.3			1764.9
51	Virginia	PARAQUAT	2006	kg	30996.3	3893.7	533.4	299	523.5		2667.4	1710.6		250.9
51	Virginia	PARAQUAT	2007	kg	28158.2	8730.2	2049.1	309.9	313.2		4277.5	3294.7		1331.3
51	Virginia	PARAQUAT	2008	kg	53577.8	12326.4	20497.5	943.5	688.7		2853.6			71.2
51	Virginia	PARAQUAT	2009	kg	34598.1	57781	27953.6	1604.5	424		3330.3			1262.5
51	Virginia	PARAQUAT	2010	kg	18914.7	7769.5	4144	5566.4	141.2		4319.4	860.6		5720.7
51	Virginia	PARAQUAT	2011	kg	32705.1	7884.1	78448.4	13839.9	1488.8		5875.9		13843.1	4950.7
51	Virginia	PARAQUAT	2012	kg	40324.9	20652.7	19947.4	13299.1	419.4		3286.1			7966.5
51	Virginia	PARAQUAT	2013	kg	38103.6	11387.9	57293.6	6269.7	422.2		5560.5			3119
51	Virginia	PARAQUAT	2014	kg	23705.6	45068	13061.9	11132.9	590.2		2195.4		3981.8	5802.5
51	Virginia	PARAQUAT	2015	kg	34590.3	34056.5	28522.8	7754.1	306.1		2317.5		2150.8	7008.4
51	Virginia	PARAQUAT	2016	kg	39642.5	16876.3	8814.7	2505.7	329.9		2665.9	2486.7		1368
51	Virginia	PARAQUAT	2017	kg	53320.7	33646.7	15801.3	7239	55		3126			2853
53	Washington	PARAQUAT	1992	kg	1561.5				25057.5		30137.3	6181.5	61.9	
53	Washington	PARAQUAT	1993	kg					14314.1		42024.9	854.3	1231.8	2.4
53	Washington	PARAQUAT	1994	kg			67.6		8101.8		23834.2	10439.2	1878.2	17475.2
53	Washington	PARAQUAT	1995	kg			18292.1		2868.9		151191.7	298.9	901.5	
53	Washington	PARAQUAT	1996	kg					3065.3		64358	32512.1	275.9	
53	Washington	PARAQUAT	1997	kg			3908.3		7577.2		76608.7	2057.5	2466.1	
53	Washington	PARAQUAT	1998	kg			1234.6		8367.2		49987.3	5378.8		
53	Washington	PARAQUAT	1999	kg			32267.1		3587		36755.3	25185.2		
53	Washington	PARAQUAT	2000	kg			43583		19007.4		38245.6	39807.7		2466.9
53	Washington	PARAQUAT	2001	kg			4.4		14295		45036.6	4465.7		
53	Washington	PARAQUAT	2002	kg			58.9		10961.9		51487	8822.7		
53	Washington	PARAQUAT	2003	kg	1822.8		23653.6		10311.4		59178	10647.7		
53	Washington	PARAQUAT	2004	kg					12490.5		53312.2	21421.9		18
53	Washington	PARAQUAT	2005	kg					21932.2		47142	17966.2	14143.3	
53	Washington	PARAQUAT	2006	kg			11610.7		5902.6		17372.9	5935.3		
53	Washington	PARAQUAT	2007	kg					104622.6		13911.9	7201.5	229	
53	Washington	PARAQUAT	2008	kg			8349.8		9550.4		21849.7	20153.9	5913.5	
53	Washington	PARAQUAT	2009	kg			1927.2		11577.6		23457.5	12330.7	1864.5	
53	Washington	PARAQUAT	2010	kg			9075.4		8746.2		18555.9	45372.1	18700.2	
53	Washington	PARAQUAT	2011	kg			4950.5		26683.2		14661	11410.3	12161.6	
53	Washington	PARAQUAT	2012	kg					17127.2		59849.2	12456.4	5324.6	
53	Washington	PARAQUAT	2013	kg			5108.4		9148		35624.6	17364.7	3468	369.7
53	Washington	PARAQUAT	2014	kg					13810.6		60432.4	30779.1	11111.1	
53	Washington	PARAQUAT	2015	kg			19454.2		9994.8		34055.1	9223	22511.9	3521.2
53	Washington	PARAQUAT	2016	kg			2265.1		1886		59831.8	28326.9	16725.6	
53	Washington	PARAQUAT	2017	kg			23373		13719.6		53547.3	32291.7	124192.7	
54	West Virginia	PARAQUAT	1992	kg	4605.6	843.6			284.5		4938.4	146	303.9	112.1
54	West Virginia	PARAQUAT	1993	kg	2283	652.3			169.1		6489.5	433.7	2546.6	1780.5
54	West Virginia	PARAQUAT	1994	kg	3019.6	262.5			92.4		4379.8	264.2	237.2	3058.6
54	West Virginia	PARAQUAT	1995	kg	3779	404.6			109.2		2539.5	303.5	67.1	255.8
54	West Virginia	PARAQUAT	1996	kg	2123.6	304.9	21.3		91.6		5391.9	48.1	330	439.1
54	West Virginia	PARAQUAT	1997	kg	1172.4	244.2	1.7		157		2943.5	1735	53.6	643.5
54	West Virginia	PARAQUAT	1998	kg	1840	486.5			67.4		3367.4	335.1		
54	West Virginia	PARAQUAT	1999	kg	168.9	138.3	157.4		30.8		3241	1063.9		
54	West Virginia	PARAQUAT	2000	kg	4330.3	587.5			134.2		1244.5	82.4		7.7
54	West Virginia	PARAQUAT	2001	kg	1037.2	615.6			56.5		789.5	323.1		
54	West Virginia	PARAQUAT	2002	kg	2058.2	3157.5			9.9		1774.2	1028.3		31.2
54	West Virginia	PARAQUAT	2003	kg	1820.9	2975.8	124.3		129.4		1163.3	258.3		6.7
54	West Virginia	PARAQUAT	2004	kg	1934.7	1208.8	16.9		62.9		1111.1	1922.8		
54	West Virginia	PARAQUAT	2005	kg	2262	1056	368.2		30.2		1612.3	267.7		
54	West Virginia	PARAQUAT	2006	kg	1499.1	514.9			74.8		889.3	449.6		
54	West Virginia	PARAQUAT	2007	kg	1757.1	134.6			40		578	127		
54	West Virginia	PARAQUAT	2008	kg	4655.2	347.5	1455.6		62.1		1493.4	24.8		0.3
54	West Virginia	PARAQUAT	2009	kg	1645.9	1216			154.4		1695.8	117.9		
54	West Virginia	PARAQUAT	2010	kg	1694.6	2695.6	25.3		7		1455.8	116.6		64.2
54	West Virginia	PARAQUAT	2011	kg	2545	181.6			42.1		534.6			7.7
54	West Virginia	PARAQUAT	2012	kg	3234.2	1222.2	208		27		1221.8			41
54	West Virginia	PARAQUAT	2013	kg	2156.1	1425.6	455.2		20.7		1118.5			0.9
54	West Virginia	PARAQUAT	2014	kg	2622.2	1750.8	520.8		12.5		1515.8		2493.6	82.9
54	West Virginia	PARAQUAT	2015	kg	1976.9	138.1			59.7		1078.9		828.1	3
54	West Virginia	PARAQUAT	2016	kg	2270.3	1060.5	110.5		15.6		690.8	166.5		45.1
54	West Virginia	PARAQUAT	2017	kg	7920.3	2652.4	967.8				674.3			
55	Wisconsin	PARAQUAT	1992	kg	6032.2	557.7			8354.6		1264.2	1823	801	
55	Wisconsin	PARAQUAT	1993	kg	12011.7	3400.4			7028.7		2238.2	10276.6		458.2
55	Wisconsin	PARAQUAT	1994	kg	6110.3	1355.4			23.5		2558		9.3	
55	Wisconsin	PARAQUAT	1995	kg	1334.5	2074.7			1930.8		1952.3			
55	Wisconsin	PARAQUAT	1996	kg	11103.7	2540.2			2130.9		743.8		140.7	
55	Wisconsin	PARAQUAT	1997	kg	2931.9	2854.8			1686.3		605.5			
55	Wisconsin	PARAQUAT	1998	kg	7333	2697.2			114.2		1215			
55	Wisconsin	PARAQUAT	1999	kg	8729	2590					2928.6			
55	Wisconsin	PARAQUAT	2000	kg	9946.5	4330.6			1531.6		942.7			
55	Wisconsin	PARAQUAT	2001	kg	5844.1	2913.6			1183.8		1003.5			
55	Wisconsin	PARAQUAT	2002	kg	26866.1	13969.7			1811.6		863.9			
55	Wisconsin	PARAQUAT	2003	kg	20874.3	5134			1692.8		866.2		1538.3	
55	Wisconsin	PARAQUAT	2004	kg	22421.6	18232.4					811.5			
55	Wisconsin	PARAQUAT	2005	kg	8856.4						488.6			
55	Wisconsin	PARAQUAT	2006	kg	8279.2				883.3		530.4			
55	Wisconsin	PARAQUAT	2007	kg	5983.4				2966.7		306.9			
55	Wisconsin	PARAQUAT	2008	kg	2456.5	2644			627.4		344.7			
55	Wisconsin	PARAQUAT	2009	kg	23252.4				747.2		399.8			
55	Wisconsin	PARAQUAT	2010	kg					2291.2		679.5			
55	Wisconsin	PARAQUAT	2011	kg	24986.6				1228.2		683.8			
55	Wisconsin	PARAQUAT	2012	kg	4404.1	1339.9					824.9			
55	Wisconsin	PARAQUAT	2013	kg	73009.7				913.9		647.5	675.1		
55	Wisconsin	PARAQUAT	2014	kg	13006.6	5734.7			535.2		913.5			
55	Wisconsin	PARAQUAT	2015	kg	20060.5	2747.3			1689.9		587.7			
55	Wisconsin	PARAQUAT	2016	kg	41782.3		714.8		2088		262.9			
55	Wisconsin	PARAQUAT	2017	kg	11397				1678		1173.7			
56	Wyoming	PARAQUAT	1992	kg	832.5		15.7		69.8			623	1186.8	19.1
56	Wyoming	PARAQUAT	1993	kg	238.9		458.5		3.6			190.2	1629.3	
56	Wyoming	PARAQUAT	1994	kg	376.5		2173		316.6			4080.6	612.9	2380.7
56	Wyoming	PARAQUAT	1995	kg	117.3		1892.8		42.4			2392.2	504.9	143.2
56	Wyoming	PARAQUAT	1996	kg	134.7				161.4			3239.2	628.9	301.4
56	Wyoming	PARAQUAT	1997	kg					177.2			2664	191.1	2448.4
56	Wyoming	PARAQUAT	1998	kg	446.6		30.8		58.4			1845.7	1060.8	
56	Wyoming	PARAQUAT	1999	kg	114.7							6198	75.2	13.6
56	Wyoming	PARAQUAT	2000	kg	516.3				218.1			6070.1	524.1	791.3
56	Wyoming	PARAQUAT	2001	kg					107.2			6892.7	3027.8	328
56	Wyoming	PARAQUAT	2002	kg					289			4814.5	857.6	39.2
56	Wyoming	PARAQUAT	2003	kg	1820.6				233.1			6048.8	526.8	11.4
56	Wyoming	PARAQUAT	2004	kg					39.6			808.8	3960	26.3
56	Wyoming	PARAQUAT	2005	kg					50.4			3151.4		
56	Wyoming	PARAQUAT	2006	kg					25.7			3992.9	7.6	
56	Wyoming	PARAQUAT	2007	kg					53			3980.1		
56	Wyoming	PARAQUAT	2008	kg					88.4			6656.9	1009.4	122.5
56	Wyoming	PARAQUAT	2009	kg					20.1			3536.4	807.3	
56	Wyoming	PARAQUAT	2010	kg					71.4			9903.7		9.4
56	Wyoming	PARAQUAT	2011	kg					198.1			1276.5		
56	Wyoming	PARAQUAT	2012	kg					93.4				640.9	
56	Wyoming	PARAQUAT	2013	kg					244.2			404.7	49.6	73.8
56	Wyoming	PARAQUAT	2014	kg	3167.1				568.1			2947.6	20.8	472.4
56	Wyoming	PARAQUAT	2015	kg			1.7		990.6			4392.3	724.8	
56	Wyoming	PARAQUAT	2016	kg			268		32.4			556.4	1448	78.2
56	Wyoming	PARAQUAT	2017	kg					1293.1			5676.2	10653.8	
